elapsed time from clock-cycles using freq = 1600.0 MHz
-----------------------------------------------------------------
MPI Routine                  #calls     avg. bytes      time(sec)
-----------------------------------------------------------------
MPI_Comm_size                     1            0.0          0.000
MPI_Comm_rank                     1            0.0          0.000
MPI_Recv                        510          752.0          0.011
MPI_Bcast                         1        96000.0          0.000
MPI_Barrier                       1            0.0          0.000
MPI_Allreduce                     4       335008.0          2.071
MPI_File_close                    8            0.0          0.021
MPI_File_open                     8            0.0          0.541
MPI_File_read                    14       171656.0          0.156
MPI_File_seek                     1            0.0          0.000
MPI_File_write                  270         7105.8          0.517
-----------------------------------------------------------------
total communication time = 3.316 seconds.
total elapsed time       = 27.318 seconds.

-----------------------------------------------------------------
Message size distributions:

MPI_Recv                  #calls    avg. bytes      time(sec)
                             255           4.0          0.006
                             255        1500.0          0.005

MPI_Bcast                 #calls    avg. bytes      time(sec)
                               1       96000.0          0.000

MPI_Allreduce             #calls    avg. bytes      time(sec)
                               4      335008.0          2.071

MPI_File_read             #calls    avg. bytes      time(sec)
                               6           4.0          0.057
                               1          32.0          0.001
                               1          40.0          0.022
                               1          88.0          0.001
                               1        3000.0          0.001
                               1       96000.0          0.002
                               3      768000.0          0.070

MPI_File_write            #calls    avg. bytes      time(sec)
                               3           4.0          0.025
                               2          40.0          0.017
                               3          79.3          0.065
                               1         208.0          0.007
                             256        1500.0          0.371
                               1       96000.0          0.018
                               4      359504.0          0.014

-----------------------------------------------------------------

Communication summary for all tasks:

  minimum communication time = 1.694 sec for task 120
  median  communication time = 2.760 sec for task 135
  maximum communication time = 5.126 sec for task 5

taskid  Acoord  Bcoord  Ccoord  Dcoord  Ecoord  procid   total_comm(sec)
     0       1       3       0       0       1       0         3.316
     1       1       3       0       0       1       1         4.690
     2       1       3       0       0       1       2         4.254
     3       1       3       0       0       1       3         3.758
     4       1       3       0       0       1       4         5.042
     5       1       3       0       0       1       5         5.126
     6       1       3       0       0       1       6         4.134
     7       1       3       0       0       1       7         4.883
     8       1       3       0       0       1       8         4.656
     9       1       3       0       0       1       9         3.681
    10       1       3       0       0       1      10         3.466
    11       1       3       0       0       1      11         4.114
    12       1       3       0       0       1      12         4.377
    13       1       3       0       0       1      13         3.762
    14       1       3       0       0       1      14         3.145
    15       1       3       0       0       1      15         4.093
    16       1       3       0       1       1       0         4.682
    17       1       3       0       1       1       1         3.031
    18       1       3       0       1       1       2         3.659
    19       1       3       0       1       1       3         4.308
    20       1       3       0       1       1       4         4.202
    21       1       3       0       1       1       5         2.955
    22       1       3       0       1       1       6         3.752
    23       1       3       0       1       1       7         3.535
    24       1       3       0       1       1       8         3.109
    25       1       3       0       1       1       9         3.540
    26       1       3       0       1       1      10         2.974
    27       1       3       0       1       1      11         3.623
    28       1       3       0       1       1      12         2.462
    29       1       3       0       1       1      13         3.037
    30       1       3       0       1       1      14         2.527
    31       1       3       0       1       1      15         2.053
    32       1       3       0       2       1       0         3.107
    33       1       3       0       2       1       1         1.961
    34       1       3       0       2       1       2         1.749
    35       1       3       0       2       1       3         1.831
    36       1       3       0       2       1       4         3.467
    37       1       3       0       2       1       5         2.705
    38       1       3       0       2       1       6         3.340
    39       1       3       0       2       1       7         2.551
    40       1       3       0       2       1       8         2.384
    41       1       3       0       2       1       9         2.226
    42       1       3       0       2       1      10         1.757
    43       1       3       0       2       1      11         2.045
    44       1       3       0       2       1      12         3.192
    45       1       3       0       2       1      13         1.758
    46       1       3       0       2       1      14         3.021
    47       1       3       0       2       1      15         1.804
    48       1       3       0       3       1       0         1.782
    49       1       3       0       3       1       1         1.771
    50       1       3       0       3       1       2         2.407
    51       1       3       0       3       1       3         2.724
    52       1       3       0       3       1       4         1.861
    53       1       3       0       3       1       5         1.757
    54       1       3       0       3       1       6         2.897
    55       1       3       0       3       1       7         2.238
    56       1       3       0       3       1       8         2.576
    57       1       3       0       3       1       9         3.516
    58       1       3       0       3       1      10         1.729
    59       1       3       0       3       1      11         1.795
    60       1       3       0       3       1      12         3.376
    61       1       3       0       3       1      13         2.066
    62       1       3       0       3       1      14         3.215
    63       1       3       0       3       1      15         3.057
    64       1       3       1       0       1       0         2.108
    65       1       3       1       0       1       1         3.070
    66       1       3       1       0       1       2         2.632
    67       1       3       1       0       1       3         2.538
    68       1       3       1       0       1       4         2.201
    69       1       3       1       0       1       5         2.742
    70       1       3       1       0       1       6         1.907
    71       1       3       1       0       1       7         3.555
    72       1       3       1       0       1       8         2.950
    73       1       3       1       0       1       9         3.391
    74       1       3       1       0       1      10         1.991
    75       1       3       1       0       1      11         3.286
    76       1       3       1       0       1      12         2.846
    77       1       3       1       0       1      13         3.170
    78       1       3       1       0       1      14         2.315
    79       1       3       1       0       1      15         2.428
    80       1       3       1       1       1       0         3.140
    81       1       3       1       1       1       1         2.266
    82       1       3       1       1       1       2         2.167
    83       1       3       1       1       1       3         2.498
    84       1       3       1       1       1       4         2.073
    85       1       3       1       1       1       5         3.469
    86       1       3       1       1       1       6         2.385
    87       1       3       1       1       1       7         3.033
    88       1       3       1       1       1       8         2.604
    89       1       3       1       1       1       9         2.912
    90       1       3       1       1       1      10         3.237
    91       1       3       1       1       1      11         2.813
    92       1       3       1       1       1      12         3.351
    93       1       3       1       1       1      13         1.868
    94       1       3       1       1       1      14         1.979
    95       1       3       1       1       1      15         2.713
    96       1       3       1       2       1       0         2.853
    97       1       3       1       2       1       1         2.693
    98       1       3       1       2       1       2         1.737
    99       1       3       1       2       1       3         2.212
   100       1       3       1       2       1       4         3.464
   101       1       3       1       2       1       5         2.010
   102       1       3       1       2       1       6         1.803
   103       1       3       1       2       1       7         2.535
   104       1       3       1       2       1       8         1.782
   105       1       3       1       2       1       9         2.368
   106       1       3       1       2       1      10         3.154
   107       1       3       1       2       1      11         3.333
   108       1       3       1       2       1      12         1.707
   109       1       3       1       2       1      13         1.755
   110       1       3       1       2       1      14         3.002
   111       1       3       1       2       1      15         1.772
   112       1       3       1       3       1       0         3.074
   113       1       3       1       3       1       1         1.807
   114       1       3       1       3       1       2         3.225
   115       1       3       1       3       1       3         2.904
   116       1       3       1       3       1       4         2.752
   117       1       3       1       3       1       5         2.424
   118       1       3       1       3       1       6         2.268
   119       1       3       1       3       1       7         1.769
   120       1       3       1       3       1       8         1.694
   121       1       3       1       3       1       9         3.394
   122       1       3       1       3       1      10         2.584
   123       1       3       1       3       1      11         1.878
   124       1       3       1       3       1      12         3.523
   125       1       3       1       3       1      13         2.092
   126       1       3       1       3       1      14         1.762
   127       1       3       1       3       1      15         1.733
   128       1       3       2       0       1       0         3.561
   129       1       3       2       0       1       1         2.330
   130       1       3       2       0       1       2         3.397
   131       1       3       2       0       1       3         3.299
   132       1       3       2       0       1       4         2.966
   133       1       3       2       0       1       5         2.006
   134       1       3       2       0       1       6         2.870
   135       1       3       2       0       1       7         2.760
   136       1       3       2       0       1       8         2.644
   137       1       3       2       0       1       9         3.190
   138       1       3       2       0       1      10         2.114
   139       1       3       2       0       1      11         2.549
   140       1       3       2       0       1      12         1.885
   141       1       3       2       0       1      13         3.075
   142       1       3       2       0       1      14         2.229
   143       1       3       2       0       1      15         2.443
   144       1       3       2       1       1       0         3.378
   145       1       3       2       1       1       1         3.257
   146       1       3       2       1       1       2         1.823
   147       1       3       2       1       1       3         2.096
   148       1       3       2       1       1       4         2.416
   149       1       3       2       1       1       5         2.930
   150       1       3       2       1       1       6         2.523
   151       1       3       2       1       1       7         2.628
   152       1       3       2       1       1       8         2.304
   153       1       3       2       1       1       9         2.825
   154       1       3       2       1       1      10         3.050
   155       1       3       2       1       1      11         2.196
   156       1       3       2       1       1      12         3.506
   157       1       3       2       1       1      13         2.717
   158       1       3       2       1       1      14         3.163
   159       1       3       2       1       1      15         1.925
   160       1       3       2       2       1       0         3.536
   161       1       3       2       2       1       1         1.758
   162       1       3       2       2       1       2         2.433
   163       1       3       2       2       1       3         2.121
   164       1       3       2       2       1       4         3.412
   165       1       3       2       2       1       5         2.277
   166       1       3       2       2       1       6         1.700
   167       1       3       2       2       1       7         2.930
   168       1       3       2       2       1       8         1.907
   169       1       3       2       2       1       9         3.251
   170       1       3       2       2       1      10         1.747
   171       1       3       2       2       1      11         2.769
   172       1       3       2       2       1      12         1.806
   173       1       3       2       2       1      13         1.769
   174       1       3       2       2       1      14         3.081
   175       1       3       2       2       1      15         2.609
   176       1       3       2       3       1       0         2.140
   177       1       3       2       3       1       1         2.469
   178       1       3       2       3       1       2         2.944
   179       1       3       2       3       1       3         2.292
   180       1       3       2       3       1       4         3.538
   181       1       3       2       3       1       5         2.776
   182       1       3       2       3       1       6         3.111
   183       1       3       2       3       1       7         1.736
   184       1       3       2       3       1       8         3.433
   185       1       3       2       3       1       9         1.807
   186       1       3       2       3       1      10         1.772
   187       1       3       2       3       1      11         1.924
   188       1       3       2       3       1      12         3.272
   189       1       3       2       3       1      13         1.762
   190       1       3       2       3       1      14         1.769
   191       1       3       2       3       1      15         2.627
   192       1       3       3       0       1       0         3.324
   193       1       3       3       0       1       1         2.574
   194       1       3       3       0       1       2         2.994
   195       1       3       3       0       1       3         1.857
   196       1       3       3       0       1       4         2.886
   197       1       3       3       0       1       5         3.422
   198       1       3       3       0       1       6         2.787
   199       1       3       3       0       1       7         1.949
   200       1       3       3       0       1       8         3.099
   201       1       3       3       0       1       9         2.045
   202       1       3       3       0       1      10         2.461
   203       1       3       3       0       1      11         2.356
   204       1       3       3       0       1      12         2.240
   205       1       3       3       0       1      13         3.209
   206       1       3       3       0       1      14         2.684
   207       1       3       3       0       1      15         2.146
   208       1       3       3       1       1       0         3.095
   209       1       3       3       1       1       1         2.223
   210       1       3       3       1       1       2         2.872
   211       1       3       3       1       1       3         1.840
   212       1       3       3       1       1       4         3.308
   213       1       3       3       1       1       5         3.180
   214       1       3       3       1       1       6         2.454
   215       1       3       3       1       1       7         2.342
   216       1       3       3       1       1       8         2.986
   217       1       3       3       1       1       9         2.759
   218       1       3       3       1       1      10         1.928
   219       1       3       3       1       1      11         2.663
   220       1       3       3       1       1      12         2.129
   221       1       3       3       1       1      13         3.424
   222       1       3       3       1       1      14         2.244
   223       1       3       3       1       1      15         2.778
   224       1       3       3       2       1       0         3.046
   225       1       3       3       2       1       1         2.207
   226       1       3       3       2       1       2         2.202
   227       1       3       3       2       1       3         2.222
   228       1       3       3       2       1       4         2.198
   229       1       3       3       2       1       5         3.742
   230       1       3       3       2       1       6         3.549
   231       1       3       3       2       1       7         3.810
   232       1       3       3       2       1       8         2.433
   233       1       3       3       2       1       9         3.004
   234       1       3       3       2       1      10         2.899
   235       1       3       3       2       1      11         3.546
   236       1       3       3       2       1      12         2.633
   237       1       3       3       2       1      13         4.313
   238       1       3       3       2       1      14         2.613
   239       1       3       3       2       1      15         3.610
   240       1       3       3       3       1       0         2.873
   241       1       3       3       3       1       1         4.233
   242       1       3       3       3       1       2         2.904
   243       1       3       3       3       1       3         3.050
   244       1       3       3       3       1       4         4.757
   245       1       3       3       3       1       5         4.288
   246       1       3       3       3       1       6         3.646
   247       1       3       3       3       1       7         3.162
   248       1       3       3       3       1       8         3.710
   249       1       3       3       3       1       9         4.032
   250       1       3       3       3       1      10         4.827
   251       1       3       3       3       1      11         3.354
   252       1       3       3       3       1      12         4.570
   253       1       3       3       3       1      13         3.510
   254       1       3       3       3       1      14         3.727
   255       1       3       3       3       1      15         4.414


MPI tasks sorted by communication time:
taskid  Acoord  Bcoord  Ccoord  Dcoord  Ecoord  procid    total_comm(sec)
   120       1       3       1       3       1       8         1.694
   166       1       3       2       2       1       6         1.700
   108       1       3       1       2       1      12         1.707
    58       1       3       0       3       1      10         1.729
   127       1       3       1       3       1      15         1.733
   183       1       3       2       3       1       7         1.736
    98       1       3       1       2       1       2         1.737
   170       1       3       2       2       1      10         1.747
    34       1       3       0       2       1       2         1.749
   109       1       3       1       2       1      13         1.755
    53       1       3       0       3       1       5         1.757
    42       1       3       0       2       1      10         1.757
   161       1       3       2       2       1       1         1.758
    45       1       3       0       2       1      13         1.758
   189       1       3       2       3       1      13         1.762
   126       1       3       1       3       1      14         1.762
   190       1       3       2       3       1      14         1.769
   173       1       3       2       2       1      13         1.769
   119       1       3       1       3       1       7         1.769
    49       1       3       0       3       1       1         1.771
   186       1       3       2       3       1      10         1.772
   111       1       3       1       2       1      15         1.772
   104       1       3       1       2       1       8         1.782
    48       1       3       0       3       1       0         1.782
    59       1       3       0       3       1      11         1.795
   102       1       3       1       2       1       6         1.803
    47       1       3       0       2       1      15         1.804
   172       1       3       2       2       1      12         1.806
   185       1       3       2       3       1       9         1.807
   113       1       3       1       3       1       1         1.807
   146       1       3       2       1       1       2         1.823
    35       1       3       0       2       1       3         1.831
   211       1       3       3       1       1       3         1.840
   195       1       3       3       0       1       3         1.857
    52       1       3       0       3       1       4         1.861
    93       1       3       1       1       1      13         1.868
   123       1       3       1       3       1      11         1.878
   140       1       3       2       0       1      12         1.885
    70       1       3       1       0       1       6         1.907
   168       1       3       2       2       1       8         1.907
   187       1       3       2       3       1      11         1.924
   159       1       3       2       1       1      15         1.925
   218       1       3       3       1       1      10         1.928
   199       1       3       3       0       1       7         1.949
    33       1       3       0       2       1       1         1.961
    94       1       3       1       1       1      14         1.979
    74       1       3       1       0       1      10         1.991
   133       1       3       2       0       1       5         2.006
   101       1       3       1       2       1       5         2.010
   201       1       3       3       0       1       9         2.045
    43       1       3       0       2       1      11         2.045
    31       1       3       0       1       1      15         2.053
    61       1       3       0       3       1      13         2.066
    84       1       3       1       1       1       4         2.073
   125       1       3       1       3       1      13         2.092
   147       1       3       2       1       1       3         2.096
    64       1       3       1       0       1       0         2.108
   138       1       3       2       0       1      10         2.114
   163       1       3       2       2       1       3         2.121
   220       1       3       3       1       1      12         2.129
   176       1       3       2       3       1       0         2.140
   207       1       3       3       0       1      15         2.146
    82       1       3       1       1       1       2         2.167
   155       1       3       2       1       1      11         2.196
   228       1       3       3       2       1       4         2.198
    68       1       3       1       0       1       4         2.201
   226       1       3       3       2       1       2         2.202
   225       1       3       3       2       1       1         2.207
    99       1       3       1       2       1       3         2.212
   227       1       3       3       2       1       3         2.222
   209       1       3       3       1       1       1         2.223
    41       1       3       0       2       1       9         2.226
   142       1       3       2       0       1      14         2.229
    55       1       3       0       3       1       7         2.238
   204       1       3       3       0       1      12         2.240
   222       1       3       3       1       1      14         2.244
    81       1       3       1       1       1       1         2.266
   118       1       3       1       3       1       6         2.268
   165       1       3       2       2       1       5         2.277
   179       1       3       2       3       1       3         2.292
   152       1       3       2       1       1       8         2.304
    78       1       3       1       0       1      14         2.315
   129       1       3       2       0       1       1         2.330
   215       1       3       3       1       1       7         2.342
   203       1       3       3       0       1      11         2.356
   105       1       3       1       2       1       9         2.368
    40       1       3       0       2       1       8         2.384
    86       1       3       1       1       1       6         2.385
    50       1       3       0       3       1       2         2.407
   148       1       3       2       1       1       4         2.416
   117       1       3       1       3       1       5         2.424
    79       1       3       1       0       1      15         2.428
   162       1       3       2       2       1       2         2.433
   232       1       3       3       2       1       8         2.433
   143       1       3       2       0       1      15         2.443
   214       1       3       3       1       1       6         2.454
   202       1       3       3       0       1      10         2.461
    28       1       3       0       1       1      12         2.462
   177       1       3       2       3       1       1         2.469
    83       1       3       1       1       1       3         2.498
   150       1       3       2       1       1       6         2.523
    30       1       3       0       1       1      14         2.527
   103       1       3       1       2       1       7         2.535
    67       1       3       1       0       1       3         2.538
   139       1       3       2       0       1      11         2.549
    39       1       3       0       2       1       7         2.551
   193       1       3       3       0       1       1         2.574
    56       1       3       0       3       1       8         2.576
   122       1       3       1       3       1      10         2.584
    88       1       3       1       1       1       8         2.604
   175       1       3       2       2       1      15         2.609
   238       1       3       3       2       1      14         2.613
   191       1       3       2       3       1      15         2.627
   151       1       3       2       1       1       7         2.628
    66       1       3       1       0       1       2         2.632
   236       1       3       3       2       1      12         2.633
   136       1       3       2       0       1       8         2.644
   219       1       3       3       1       1      11         2.663
   206       1       3       3       0       1      14         2.684
    97       1       3       1       2       1       1         2.693
    37       1       3       0       2       1       5         2.705
    95       1       3       1       1       1      15         2.713
   157       1       3       2       1       1      13         2.717
    51       1       3       0       3       1       3         2.724
    69       1       3       1       0       1       5         2.742
   116       1       3       1       3       1       4         2.752
   217       1       3       3       1       1       9         2.759
   135       1       3       2       0       1       7         2.760
   171       1       3       2       2       1      11         2.769
   181       1       3       2       3       1       5         2.776
   223       1       3       3       1       1      15         2.778
   198       1       3       3       0       1       6         2.787
    91       1       3       1       1       1      11         2.813
   153       1       3       2       1       1       9         2.825
    76       1       3       1       0       1      12         2.846
    96       1       3       1       2       1       0         2.853
   134       1       3       2       0       1       6         2.870
   210       1       3       3       1       1       2         2.872
   240       1       3       3       3       1       0         2.873
   196       1       3       3       0       1       4         2.886
    54       1       3       0       3       1       6         2.897
   234       1       3       3       2       1      10         2.899
   242       1       3       3       3       1       2         2.904
   115       1       3       1       3       1       3         2.904
    89       1       3       1       1       1       9         2.912
   149       1       3       2       1       1       5         2.930
   167       1       3       2       2       1       7         2.930
   178       1       3       2       3       1       2         2.944
    72       1       3       1       0       1       8         2.950
    21       1       3       0       1       1       5         2.955
   132       1       3       2       0       1       4         2.966
    26       1       3       0       1       1      10         2.974
   216       1       3       3       1       1       8         2.986
   194       1       3       3       0       1       2         2.994
   110       1       3       1       2       1      14         3.002
   233       1       3       3       2       1       9         3.004
    46       1       3       0       2       1      14         3.021
    17       1       3       0       1       1       1         3.031
    87       1       3       1       1       1       7         3.033
    29       1       3       0       1       1      13         3.037
   224       1       3       3       2       1       0         3.046
   154       1       3       2       1       1      10         3.050
   243       1       3       3       3       1       3         3.050
    63       1       3       0       3       1      15         3.057
    65       1       3       1       0       1       1         3.070
   112       1       3       1       3       1       0         3.074
   141       1       3       2       0       1      13         3.075
   174       1       3       2       2       1      14         3.081
   208       1       3       3       1       1       0         3.095
   200       1       3       3       0       1       8         3.099
    32       1       3       0       2       1       0         3.107
    24       1       3       0       1       1       8         3.109
   182       1       3       2       3       1       6         3.111
    80       1       3       1       1       1       0         3.140
    14       1       3       0       0       1      14         3.145
   106       1       3       1       2       1      10         3.154
   247       1       3       3       3       1       7         3.162
   158       1       3       2       1       1      14         3.163
    77       1       3       1       0       1      13         3.170
   213       1       3       3       1       1       5         3.180
   137       1       3       2       0       1       9         3.190
    44       1       3       0       2       1      12         3.192
   205       1       3       3       0       1      13         3.209
    62       1       3       0       3       1      14         3.215
   114       1       3       1       3       1       2         3.225
    90       1       3       1       1       1      10         3.237
   169       1       3       2       2       1       9         3.251
   145       1       3       2       1       1       1         3.257
   188       1       3       2       3       1      12         3.272
    75       1       3       1       0       1      11         3.286
   131       1       3       2       0       1       3         3.299
   212       1       3       3       1       1       4         3.308
     0       1       3       0       0       1       0         3.316
   192       1       3       3       0       1       0         3.324
   107       1       3       1       2       1      11         3.333
    38       1       3       0       2       1       6         3.340
    92       1       3       1       1       1      12         3.351
   251       1       3       3       3       1      11         3.354
    60       1       3       0       3       1      12         3.376
   144       1       3       2       1       1       0         3.378
    73       1       3       1       0       1       9         3.391
   121       1       3       1       3       1       9         3.394
   130       1       3       2       0       1       2         3.397
   164       1       3       2       2       1       4         3.412
   197       1       3       3       0       1       5         3.422
   221       1       3       3       1       1      13         3.424
   184       1       3       2       3       1       8         3.433
   100       1       3       1       2       1       4         3.464
    10       1       3       0       0       1      10         3.466
    36       1       3       0       2       1       4         3.467
    85       1       3       1       1       1       5         3.469
   156       1       3       2       1       1      12         3.506
   253       1       3       3       3       1      13         3.510
    57       1       3       0       3       1       9         3.516
   124       1       3       1       3       1      12         3.523
    23       1       3       0       1       1       7         3.535
   160       1       3       2       2       1       0         3.536
   180       1       3       2       3       1       4         3.538
    25       1       3       0       1       1       9         3.540
   235       1       3       3       2       1      11         3.546
   230       1       3       3       2       1       6         3.549
    71       1       3       1       0       1       7         3.555
   128       1       3       2       0       1       0         3.561
   239       1       3       3       2       1      15         3.610
    27       1       3       0       1       1      11         3.623
   246       1       3       3       3       1       6         3.646
    18       1       3       0       1       1       2         3.659
     9       1       3       0       0       1       9         3.681
   248       1       3       3       3       1       8         3.710
   254       1       3       3       3       1      14         3.727
   229       1       3       3       2       1       5         3.742
    22       1       3       0       1       1       6         3.752
     3       1       3       0       0       1       3         3.758
    13       1       3       0       0       1      13         3.762
   231       1       3       3       2       1       7         3.810
   249       1       3       3       3       1       9         4.032
    15       1       3       0       0       1      15         4.093
    11       1       3       0       0       1      11         4.114
     6       1       3       0       0       1       6         4.134
    20       1       3       0       1       1       4         4.202
   241       1       3       3       3       1       1         4.233
     2       1       3       0       0       1       2         4.254
   245       1       3       3       3       1       5         4.288
    19       1       3       0       1       1       3         4.308
   237       1       3       3       2       1      13         4.313
    12       1       3       0       0       1      12         4.377
   255       1       3       3       3       1      15         4.414
   252       1       3       3       3       1      12         4.570
     8       1       3       0       0       1       8         4.656
    16       1       3       0       1       1       0         4.682
     1       1       3       0       0       1       1         4.690
   244       1       3       3       3       1       4         4.757
   250       1       3       3       3       1      10         4.827
     7       1       3       0       0       1       7         4.883
     4       1       3       0       0       1       4         5.042
     5       1       3       0       0       1       5         5.126
