elapsed time from clock-cycles using freq = 1600.0 MHz
-----------------------------------------------------------------
MPI Routine                  #calls     avg. bytes      time(sec)
-----------------------------------------------------------------
MPI_Comm_size                     1            0.0          0.000
MPI_Comm_rank                     1            0.0          0.000
MPI_Recv                        510          127.0          0.012
MPI_Bcast                         1        16000.0          0.000
MPI_Barrier                       1            0.0          0.000
MPI_Allreduce                     2        49248.0          0.003
MPI_File_close                    7            0.0          0.067
MPI_File_open                     7            0.0          0.315
MPI_File_read                    14        28620.6          0.150
MPI_File_seek                     1            0.0          0.000
MPI_File_write                  268          961.9          0.515
-----------------------------------------------------------------
total communication time = 1.063 seconds.
total elapsed time       = 5.746 seconds.

-----------------------------------------------------------------
Message size distributions:

MPI_Recv                  #calls    avg. bytes      time(sec)
                             255           4.0          0.006
                             255         250.0          0.005

MPI_Bcast                 #calls    avg. bytes      time(sec)
                               1       16000.0          0.000

MPI_Allreduce             #calls    avg. bytes      time(sec)
                               2       49248.0          0.003

MPI_File_read             #calls    avg. bytes      time(sec)
                               6           4.0          0.048
                               1          32.0          0.001
                               1          40.0          0.027
                               1          88.0          0.001
                               1         504.0          0.001
                               1       16000.0          0.001
                               3      128000.0          0.070

MPI_File_write            #calls    avg. bytes      time(sec)
                               2           4.0          0.030
                               2          40.0          0.014
                               3          79.3          0.025
                             257         249.8          0.399
                               1       16000.0          0.039
                               3       59082.7          0.007

-----------------------------------------------------------------

Communication summary for all tasks:

  minimum communication time = 1.063 sec for task 0
  median  communication time = 1.791 sec for task 175
  maximum communication time = 2.075 sec for task 181

taskid  Acoord  Bcoord  Ccoord  Dcoord  Ecoord  procid   total_comm(sec)
     0       3       0       0       0       0       0         1.063
     1       3       0       0       0       0       1         1.722
     2       3       0       0       0       0       2         1.717
     3       3       0       0       0       0       3         1.911
     4       3       0       0       0       0       4         1.602
     5       3       0       0       0       0       5         1.853
     6       3       0       0       0       0       6         1.604
     7       3       0       0       0       0       7         1.848
     8       3       0       0       0       0       8         1.797
     9       3       0       0       0       0       9         1.580
    10       3       0       0       0       0      10         1.642
    11       3       0       0       0       0      11         1.581
    12       3       0       0       0       0      12         1.929
    13       3       0       0       0       0      13         1.608
    14       3       0       0       0       0      14         1.668
    15       3       0       0       0       0      15         1.789
    16       3       0       0       1       0       0         1.907
    17       3       0       0       1       0       1         1.889
    18       3       0       0       1       0       2         1.672
    19       3       0       0       1       0       3         1.881
    20       3       0       0       1       0       4         1.732
    21       3       0       0       1       0       5         1.744
    22       3       0       0       1       0       6         1.706
    23       3       0       0       1       0       7         1.644
    24       3       0       0       1       0       8         1.659
    25       3       0       0       1       0       9         1.771
    26       3       0       0       1       0      10         1.775
    27       3       0       0       1       0      11         1.774
    28       3       0       0       1       0      12         1.884
    29       3       0       0       1       0      13         1.669
    30       3       0       0       1       0      14         1.642
    31       3       0       0       1       0      15         1.563
    32       3       0       0       2       0       0         1.753
    33       3       0       0       2       0       1         1.793
    34       3       0       0       2       0       2         1.795
    35       3       0       0       2       0       3         1.970
    36       3       0       0       2       0       4         2.045
    37       3       0       0       2       0       5         1.810
    38       3       0       0       2       0       6         1.853
    39       3       0       0       2       0       7         1.777
    40       3       0       0       2       0       8         1.713
    41       3       0       0       2       0       9         1.792
    42       3       0       0       2       0      10         1.772
    43       3       0       0       2       0      11         1.927
    44       3       0       0       2       0      12         1.698
    45       3       0       0       2       0      13         1.668
    46       3       0       0       2       0      14         1.740
    47       3       0       0       2       0      15         1.775
    48       3       0       0       3       0       0         1.888
    49       3       0       0       3       0       1         1.731
    50       3       0       0       3       0       2         1.840
    51       3       0       0       3       0       3         1.761
    52       3       0       0       3       0       4         1.871
    53       3       0       0       3       0       5         1.713
    54       3       0       0       3       0       6         1.818
    55       3       0       0       3       0       7         1.705
    56       3       0       0       3       0       8         1.876
    57       3       0       0       3       0       9         1.618
    58       3       0       0       3       0      10         1.874
    59       3       0       0       3       0      11         1.827
    60       3       0       0       3       0      12         1.702
    61       3       0       0       3       0      13         1.839
    62       3       0       0       3       0      14         1.748
    63       3       0       0       3       0      15         1.683
    64       3       0       1       0       0       0         1.796
    65       3       0       1       0       0       1         1.758
    66       3       0       1       0       0       2         1.801
    67       3       0       1       0       0       3         1.833
    68       3       0       1       0       0       4         1.772
    69       3       0       1       0       0       5         1.756
    70       3       0       1       0       0       6         1.915
    71       3       0       1       0       0       7         1.781
    72       3       0       1       0       0       8         1.587
    73       3       0       1       0       0       9         1.657
    74       3       0       1       0       0      10         1.573
    75       3       0       1       0       0      11         1.796
    76       3       0       1       0       0      12         1.559
    77       3       0       1       0       0      13         1.664
    78       3       0       1       0       0      14         1.729
    79       3       0       1       0       0      15         1.500
    80       3       0       1       1       0       0         1.966
    81       3       0       1       1       0       1         1.623
    82       3       0       1       1       0       2         1.883
    83       3       0       1       1       0       3         1.845
    84       3       0       1       1       0       4         1.837
    85       3       0       1       1       0       5         1.856
    86       3       0       1       1       0       6         1.635
    87       3       0       1       1       0       7         1.803
    88       3       0       1       1       0       8         1.588
    89       3       0       1       1       0       9         1.730
    90       3       0       1       1       0      10         1.613
    91       3       0       1       1       0      11         1.615
    92       3       0       1       1       0      12         1.833
    93       3       0       1       1       0      13         1.655
    94       3       0       1       1       0      14         1.709
    95       3       0       1       1       0      15         1.759
    96       3       0       1       2       0       0         1.819
    97       3       0       1       2       0       1         1.914
    98       3       0       1       2       0       2         1.766
    99       3       0       1       2       0       3         1.768
   100       3       0       1       2       0       4         1.725
   101       3       0       1       2       0       5         1.706
   102       3       0       1       2       0       6         1.911
   103       3       0       1       2       0       7         1.714
   104       3       0       1       2       0       8         1.846
   105       3       0       1       2       0       9         1.790
   106       3       0       1       2       0      10         1.636
   107       3       0       1       2       0      11         1.712
   108       3       0       1       2       0      12         1.626
   109       3       0       1       2       0      13         1.776
   110       3       0       1       2       0      14         1.779
   111       3       0       1       2       0      15         1.663
   112       3       0       1       3       0       0         1.905
   113       3       0       1       3       0       1         1.629
   114       3       0       1       3       0       2         1.694
   115       3       0       1       3       0       3         1.848
   116       3       0       1       3       0       4         1.719
   117       3       0       1       3       0       5         1.819
   118       3       0       1       3       0       6         1.700
   119       3       0       1       3       0       7         1.921
   120       3       0       1       3       0       8         1.949
   121       3       0       1       3       0       9         1.620
   122       3       0       1       3       0      10         1.893
   123       3       0       1       3       0      11         1.648
   124       3       0       1       3       0      12         1.747
   125       3       0       1       3       0      13         1.820
   126       3       0       1       3       0      14         1.833
   127       3       0       1       3       0      15         1.695
   128       3       0       2       0       0       0         1.966
   129       3       0       2       0       0       1         1.988
   130       3       0       2       0       0       2         1.816
   131       3       0       2       0       0       3         1.646
   132       3       0       2       0       0       4         1.756
   133       3       0       2       0       0       5         1.894
   134       3       0       2       0       0       6         1.919
   135       3       0       2       0       0       7         1.668
   136       3       0       2       0       0       8         1.657
   137       3       0       2       0       0       9         1.910
   138       3       0       2       0       0      10         1.852
   139       3       0       2       0       0      11         1.737
   140       3       0       2       0       0      12         1.821
   141       3       0       2       0       0      13         1.754
   142       3       0       2       0       0      14         1.811
   143       3       0       2       0       0      15         1.630
   144       3       0       2       1       0       0         1.901
   145       3       0       2       1       0       1         1.905
   146       3       0       2       1       0       2         1.757
   147       3       0       2       1       0       3         1.840
   148       3       0       2       1       0       4         1.786
   149       3       0       2       1       0       5         1.773
   150       3       0       2       1       0       6         1.747
   151       3       0       2       1       0       7         1.782
   152       3       0       2       1       0       8         1.908
   153       3       0       2       1       0       9         1.983
   154       3       0       2       1       0      10         1.802
   155       3       0       2       1       0      11         1.650
   156       3       0       2       1       0      12         1.643
   157       3       0       2       1       0      13         1.873
   158       3       0       2       1       0      14         1.705
   159       3       0       2       1       0      15         1.557
   160       3       0       2       2       0       0         1.902
   161       3       0       2       2       0       1         1.753
   162       3       0       2       2       0       2         1.745
   163       3       0       2       2       0       3         1.994
   164       3       0       2       2       0       4         1.828
   165       3       0       2       2       0       5         1.825
   166       3       0       2       2       0       6         1.748
   167       3       0       2       2       0       7         1.690
   168       3       0       2       2       0       8         2.064
   169       3       0       2       2       0       9         1.854
   170       3       0       2       2       0      10         1.828
   171       3       0       2       2       0      11         1.978
   172       3       0       2       2       0      12         1.777
   173       3       0       2       2       0      13         1.892
   174       3       0       2       2       0      14         1.857
   175       3       0       2       2       0      15         1.791
   176       3       0       2       3       0       0         1.859
   177       3       0       2       3       0       1         1.720
   178       3       0       2       3       0       2         1.808
   179       3       0       2       3       0       3         1.956
   180       3       0       2       3       0       4         1.908
   181       3       0       2       3       0       5         2.075
   182       3       0       2       3       0       6         1.723
   183       3       0       2       3       0       7         1.924
   184       3       0       2       3       0       8         1.896
   185       3       0       2       3       0       9         1.890
   186       3       0       2       3       0      10         1.676
   187       3       0       2       3       0      11         1.754
   188       3       0       2       3       0      12         1.759
   189       3       0       2       3       0      13         1.938
   190       3       0       2       3       0      14         1.866
   191       3       0       2       3       0      15         1.641
   192       3       0       3       0       0       0         1.904
   193       3       0       3       0       0       1         1.797
   194       3       0       3       0       0       2         1.982
   195       3       0       3       0       0       3         1.912
   196       3       0       3       0       0       4         1.841
   197       3       0       3       0       0       5         1.814
   198       3       0       3       0       0       6         1.785
   199       3       0       3       0       0       7         1.723
   200       3       0       3       0       0       8         1.854
   201       3       0       3       0       0       9         1.805
   202       3       0       3       0       0      10         1.783
   203       3       0       3       0       0      11         1.694
   204       3       0       3       0       0      12         1.727
   205       3       0       3       0       0      13         1.813
   206       3       0       3       0       0      14         1.726
   207       3       0       3       0       0      15         1.554
   208       3       0       3       1       0       0         1.960
   209       3       0       3       1       0       1         1.782
   210       3       0       3       1       0       2         1.898
   211       3       0       3       1       0       3         1.754
   212       3       0       3       1       0       4         2.013
   213       3       0       3       1       0       5         1.766
   214       3       0       3       1       0       6         1.928
   215       3       0       3       1       0       7         1.717
   216       3       0       3       1       0       8         1.851
   217       3       0       3       1       0       9         2.030
   218       3       0       3       1       0      10         1.706
   219       3       0       3       1       0      11         1.889
   220       3       0       3       1       0      12         1.847
   221       3       0       3       1       0      13         1.939
   222       3       0       3       1       0      14         1.776
   223       3       0       3       1       0      15         1.873
   224       3       0       3       2       0       0         1.946
   225       3       0       3       2       0       1         1.886
   226       3       0       3       2       0       2         1.975
   227       3       0       3       2       0       3         1.899
   228       3       0       3       2       0       4         1.929
   229       3       0       3       2       0       5         1.888
   230       3       0       3       2       0       6         1.718
   231       3       0       3       2       0       7         1.858
   232       3       0       3       2       0       8         1.847
   233       3       0       3       2       0       9         1.840
   234       3       0       3       2       0      10         1.718
   235       3       0       3       2       0      11         1.804
   236       3       0       3       2       0      12         2.004
   237       3       0       3       2       0      13         1.781
   238       3       0       3       2       0      14         1.870
   239       3       0       3       2       0      15         1.911
   240       3       0       3       3       0       0         2.044
   241       3       0       3       3       0       1         1.977
   242       3       0       3       3       0       2         1.797
   243       3       0       3       3       0       3         1.967
   244       3       0       3       3       0       4         1.914
   245       3       0       3       3       0       5         1.830
   246       3       0       3       3       0       6         1.787
   247       3       0       3       3       0       7         1.864
   248       3       0       3       3       0       8         1.957
   249       3       0       3       3       0       9         1.798
   250       3       0       3       3       0      10         1.783
   251       3       0       3       3       0      11         1.771
   252       3       0       3       3       0      12         1.875
   253       3       0       3       3       0      13         1.917
   254       3       0       3       3       0      14         1.758
   255       3       0       3       3       0      15         1.729


MPI tasks sorted by communication time:
taskid  Acoord  Bcoord  Ccoord  Dcoord  Ecoord  procid    total_comm(sec)
     0       3       0       0       0       0       0         1.063
    79       3       0       1       0       0      15         1.500
   207       3       0       3       0       0      15         1.554
   159       3       0       2       1       0      15         1.557
    76       3       0       1       0       0      12         1.559
    31       3       0       0       1       0      15         1.563
    74       3       0       1       0       0      10         1.573
     9       3       0       0       0       0       9         1.580
    11       3       0       0       0       0      11         1.581
    72       3       0       1       0       0       8         1.587
    88       3       0       1       1       0       8         1.588
     4       3       0       0       0       0       4         1.602
     6       3       0       0       0       0       6         1.604
    13       3       0       0       0       0      13         1.608
    90       3       0       1       1       0      10         1.613
    91       3       0       1       1       0      11         1.615
    57       3       0       0       3       0       9         1.618
   121       3       0       1       3       0       9         1.620
    81       3       0       1       1       0       1         1.623
   108       3       0       1       2       0      12         1.626
   113       3       0       1       3       0       1         1.629
   143       3       0       2       0       0      15         1.630
    86       3       0       1       1       0       6         1.635
   106       3       0       1       2       0      10         1.636
   191       3       0       2       3       0      15         1.641
    10       3       0       0       0       0      10         1.642
    30       3       0       0       1       0      14         1.642
   156       3       0       2       1       0      12         1.643
    23       3       0       0       1       0       7         1.644
   131       3       0       2       0       0       3         1.646
   123       3       0       1       3       0      11         1.648
   155       3       0       2       1       0      11         1.650
    93       3       0       1       1       0      13         1.655
   136       3       0       2       0       0       8         1.657
    73       3       0       1       0       0       9         1.657
    24       3       0       0       1       0       8         1.659
   111       3       0       1       2       0      15         1.663
    77       3       0       1       0       0      13         1.664
    45       3       0       0       2       0      13         1.668
   135       3       0       2       0       0       7         1.668
    14       3       0       0       0       0      14         1.668
    29       3       0       0       1       0      13         1.669
    18       3       0       0       1       0       2         1.672
   186       3       0       2       3       0      10         1.676
    63       3       0       0       3       0      15         1.683
   167       3       0       2       2       0       7         1.690
   203       3       0       3       0       0      11         1.694
   114       3       0       1       3       0       2         1.694
   127       3       0       1       3       0      15         1.695
    44       3       0       0       2       0      12         1.698
   118       3       0       1       3       0       6         1.700
    60       3       0       0       3       0      12         1.702
   158       3       0       2       1       0      14         1.705
    55       3       0       0       3       0       7         1.705
    22       3       0       0       1       0       6         1.706
   218       3       0       3       1       0      10         1.706
   101       3       0       1       2       0       5         1.706
    94       3       0       1       1       0      14         1.709
   107       3       0       1       2       0      11         1.712
    40       3       0       0       2       0       8         1.713
    53       3       0       0       3       0       5         1.713
   103       3       0       1       2       0       7         1.714
   215       3       0       3       1       0       7         1.717
     2       3       0       0       0       0       2         1.717
   234       3       0       3       2       0      10         1.718
   230       3       0       3       2       0       6         1.718
   116       3       0       1       3       0       4         1.719
   177       3       0       2       3       0       1         1.720
     1       3       0       0       0       0       1         1.722
   199       3       0       3       0       0       7         1.723
   182       3       0       2       3       0       6         1.723
   100       3       0       1       2       0       4         1.725
   206       3       0       3       0       0      14         1.726
   204       3       0       3       0       0      12         1.727
   255       3       0       3       3       0      15         1.729
    78       3       0       1       0       0      14         1.729
    89       3       0       1       1       0       9         1.730
    49       3       0       0       3       0       1         1.731
    20       3       0       0       1       0       4         1.732
   139       3       0       2       0       0      11         1.737
    46       3       0       0       2       0      14         1.740
    21       3       0       0       1       0       5         1.744
   162       3       0       2       2       0       2         1.745
   150       3       0       2       1       0       6         1.747
   124       3       0       1       3       0      12         1.747
    62       3       0       0       3       0      14         1.748
   166       3       0       2       2       0       6         1.748
    32       3       0       0       2       0       0         1.753
   161       3       0       2       2       0       1         1.753
   141       3       0       2       0       0      13         1.754
   187       3       0       2       3       0      11         1.754
   211       3       0       3       1       0       3         1.754
    69       3       0       1       0       0       5         1.756
   132       3       0       2       0       0       4         1.756
   146       3       0       2       1       0       2         1.757
   254       3       0       3       3       0      14         1.758
    65       3       0       1       0       0       1         1.758
    95       3       0       1       1       0      15         1.759
   188       3       0       2       3       0      12         1.759
    51       3       0       0       3       0       3         1.761
    98       3       0       1       2       0       2         1.766
   213       3       0       3       1       0       5         1.766
    99       3       0       1       2       0       3         1.768
   251       3       0       3       3       0      11         1.771
    25       3       0       0       1       0       9         1.771
    68       3       0       1       0       0       4         1.772
    42       3       0       0       2       0      10         1.772
   149       3       0       2       1       0       5         1.773
    27       3       0       0       1       0      11         1.774
    26       3       0       0       1       0      10         1.775
    47       3       0       0       2       0      15         1.775
   109       3       0       1       2       0      13         1.776
   222       3       0       3       1       0      14         1.776
   172       3       0       2       2       0      12         1.777
    39       3       0       0       2       0       7         1.777
   110       3       0       1       2       0      14         1.779
   237       3       0       3       2       0      13         1.781
    71       3       0       1       0       0       7         1.781
   209       3       0       3       1       0       1         1.782
   151       3       0       2       1       0       7         1.782
   202       3       0       3       0       0      10         1.783
   250       3       0       3       3       0      10         1.783
   198       3       0       3       0       0       6         1.785
   148       3       0       2       1       0       4         1.786
   246       3       0       3       3       0       6         1.787
    15       3       0       0       0       0      15         1.789
   105       3       0       1       2       0       9         1.790
   175       3       0       2       2       0      15         1.791
    41       3       0       0       2       0       9         1.792
    33       3       0       0       2       0       1         1.793
    34       3       0       0       2       0       2         1.795
    75       3       0       1       0       0      11         1.796
    64       3       0       1       0       0       0         1.796
   242       3       0       3       3       0       2         1.797
   193       3       0       3       0       0       1         1.797
     8       3       0       0       0       0       8         1.797
   249       3       0       3       3       0       9         1.798
    66       3       0       1       0       0       2         1.801
   154       3       0       2       1       0      10         1.802
    87       3       0       1       1       0       7         1.803
   235       3       0       3       2       0      11         1.804
   201       3       0       3       0       0       9         1.805
   178       3       0       2       3       0       2         1.808
    37       3       0       0       2       0       5         1.810
   142       3       0       2       0       0      14         1.811
   205       3       0       3       0       0      13         1.813
   197       3       0       3       0       0       5         1.814
   130       3       0       2       0       0       2         1.816
    54       3       0       0       3       0       6         1.818
   117       3       0       1       3       0       5         1.819
    96       3       0       1       2       0       0         1.819
   125       3       0       1       3       0      13         1.820
   140       3       0       2       0       0      12         1.821
   165       3       0       2       2       0       5         1.825
    59       3       0       0       3       0      11         1.827
   164       3       0       2       2       0       4         1.828
   170       3       0       2       2       0      10         1.828
   245       3       0       3       3       0       5         1.830
   126       3       0       1       3       0      14         1.833
    67       3       0       1       0       0       3         1.833
    92       3       0       1       1       0      12         1.833
    84       3       0       1       1       0       4         1.837
    61       3       0       0       3       0      13         1.839
   233       3       0       3       2       0       9         1.840
   147       3       0       2       1       0       3         1.840
    50       3       0       0       3       0       2         1.840
   196       3       0       3       0       0       4         1.841
    83       3       0       1       1       0       3         1.845
   104       3       0       1       2       0       8         1.846
   232       3       0       3       2       0       8         1.847
   220       3       0       3       1       0      12         1.847
   115       3       0       1       3       0       3         1.848
     7       3       0       0       0       0       7         1.848
   216       3       0       3       1       0       8         1.851
   138       3       0       2       0       0      10         1.852
    38       3       0       0       2       0       6         1.853
     5       3       0       0       0       0       5         1.853
   169       3       0       2       2       0       9         1.854
   200       3       0       3       0       0       8         1.854
    85       3       0       1       1       0       5         1.856
   174       3       0       2       2       0      14         1.857
   231       3       0       3       2       0       7         1.858
   176       3       0       2       3       0       0         1.859
   247       3       0       3       3       0       7         1.864
   190       3       0       2       3       0      14         1.866
   238       3       0       3       2       0      14         1.870
    52       3       0       0       3       0       4         1.871
   223       3       0       3       1       0      15         1.873
   157       3       0       2       1       0      13         1.873
    58       3       0       0       3       0      10         1.874
   252       3       0       3       3       0      12         1.875
    56       3       0       0       3       0       8         1.876
    19       3       0       0       1       0       3         1.881
    82       3       0       1       1       0       2         1.883
    28       3       0       0       1       0      12         1.884
   225       3       0       3       2       0       1         1.886
   229       3       0       3       2       0       5         1.888
    48       3       0       0       3       0       0         1.888
    17       3       0       0       1       0       1         1.889
   219       3       0       3       1       0      11         1.889
   185       3       0       2       3       0       9         1.890
   173       3       0       2       2       0      13         1.892
   122       3       0       1       3       0      10         1.893
   133       3       0       2       0       0       5         1.894
   184       3       0       2       3       0       8         1.896
   210       3       0       3       1       0       2         1.898
   227       3       0       3       2       0       3         1.899
   144       3       0       2       1       0       0         1.901
   160       3       0       2       2       0       0         1.902
   192       3       0       3       0       0       0         1.904
   112       3       0       1       3       0       0         1.905
   145       3       0       2       1       0       1         1.905
    16       3       0       0       1       0       0         1.907
   180       3       0       2       3       0       4         1.908
   152       3       0       2       1       0       8         1.908
   137       3       0       2       0       0       9         1.910
   102       3       0       1       2       0       6         1.911
   239       3       0       3       2       0      15         1.911
     3       3       0       0       0       0       3         1.911
   195       3       0       3       0       0       3         1.912
   244       3       0       3       3       0       4         1.914
    97       3       0       1       2       0       1         1.914
    70       3       0       1       0       0       6         1.915
   253       3       0       3       3       0      13         1.917
   134       3       0       2       0       0       6         1.919
   119       3       0       1       3       0       7         1.921
   183       3       0       2       3       0       7         1.924
    43       3       0       0       2       0      11         1.927
   214       3       0       3       1       0       6         1.928
    12       3       0       0       0       0      12         1.929
   228       3       0       3       2       0       4         1.929
   189       3       0       2       3       0      13         1.938
   221       3       0       3       1       0      13         1.939
   224       3       0       3       2       0       0         1.946
   120       3       0       1       3       0       8         1.949
   179       3       0       2       3       0       3         1.956
   248       3       0       3       3       0       8         1.957
   208       3       0       3       1       0       0         1.960
   128       3       0       2       0       0       0         1.966
    80       3       0       1       1       0       0         1.966
   243       3       0       3       3       0       3         1.967
    35       3       0       0       2       0       3         1.970
   226       3       0       3       2       0       2         1.975
   241       3       0       3       3       0       1         1.977
   171       3       0       2       2       0      11         1.978
   194       3       0       3       0       0       2         1.982
   153       3       0       2       1       0       9         1.983
   129       3       0       2       0       0       1         1.988
   163       3       0       2       2       0       3         1.994
   236       3       0       3       2       0      12         2.004
   212       3       0       3       1       0       4         2.013
   217       3       0       3       1       0       9         2.030
   240       3       0       3       3       0       0         2.044
    36       3       0       0       2       0       4         2.045
   168       3       0       2       2       0       8         2.064
   181       3       0       2       3       0       5         2.075
