elapsed time from clock-cycles using freq = 1600.0 MHz
-----------------------------------------------------------------
MPI Routine                  #calls     avg. bytes      time(sec)
-----------------------------------------------------------------
MPI_Comm_size                     1            0.0          0.000
MPI_Comm_rank                     1            0.0          0.000
MPI_Recv                        510         2252.0          0.012
MPI_Bcast                         1       288000.0          0.000
MPI_Barrier                       1            0.0          0.000
MPI_Allreduce                     4      1049568.0         48.693
MPI_File_close                    8            0.0          0.034
MPI_File_open                     8            0.0          0.454
MPI_File_read                    14       514941.7          0.407
MPI_File_seek                     1            0.0          0.000
MPI_File_write                  270        21643.2          0.524
-----------------------------------------------------------------
total communication time = 50.125 seconds.
total elapsed time       = 210.384 seconds.

-----------------------------------------------------------------
Message size distributions:

MPI_Recv                  #calls    avg. bytes      time(sec)
                             255           4.0          0.005
                             255        4500.0          0.007

MPI_Bcast                 #calls    avg. bytes      time(sec)
                               1      288000.0          0.000

MPI_Allreduce             #calls    avg. bytes      time(sec)
                               4     1049568.0         48.693

MPI_File_read             #calls    avg. bytes      time(sec)
                               6           4.0          0.061
                               1          32.0          0.001
                               1          40.0          0.020
                               1          88.0          0.001
                               1        9000.0          0.001
                               1      288000.0          0.003
                               3     2304000.0          0.319

MPI_File_write            #calls    avg. bytes      time(sec)
                               3           4.0          0.007
                               2          40.0          0.005
                               3          80.3          0.010
                               1         208.0          0.001
                             256        4500.0          0.401
                               1      288000.0          0.015
                               4     1100784.0          0.084

-----------------------------------------------------------------

Communication summary for all tasks:

  minimum communication time = 2.259 sec for task 155
  median  communication time = 18.512 sec for task 191
  maximum communication time = 51.525 sec for task 3

taskid  Acoord  Bcoord  Ccoord  Dcoord  Ecoord  procid   total_comm(sec)
     0       2       3       1       0       0       0        50.125
     1       2       3       1       0       0       1        47.596
     2       2       3       1       0       0       2        48.664
     3       2       3       1       0       0       3        51.525
     4       2       3       1       0       0       4        45.859
     5       2       3       1       0       0       5        46.135
     6       2       3       1       0       0       6        51.095
     7       2       3       1       0       0       7        44.395
     8       2       3       1       0       0       8        44.454
     9       2       3       1       0       0       9        49.937
    10       2       3       1       0       0      10        42.749
    11       2       3       1       0       0      11        42.818
    12       2       3       1       0       0      12        47.743
    13       2       3       1       0       0      13        42.122
    14       2       3       1       0       0      14        41.165
    15       2       3       1       0       0      15        44.092
    16       2       3       1       0       1       0        42.777
    17       2       3       1       0       1       1        39.441
    18       2       3       1       0       1       2        40.532
    19       2       3       1       0       1       3        43.847
    20       2       3       1       0       1       4        38.069
    21       2       3       1       0       1       5        37.893
    22       2       3       1       0       1       6        43.597
    23       2       3       1       0       1       7        36.327
    24       2       3       1       0       1       8        36.185
    25       2       3       1       0       1       9        42.393
    26       2       3       1       0       1      10        34.894
    27       2       3       1       0       1      11        34.671
    28       2       3       1       0       1      12        40.199
    29       2       3       1       0       1      13        34.342
    30       2       3       1       0       1      14        33.188
    31       2       3       1       0       1      15        36.476
    32       2       3       1       1       0       0        35.015
    33       2       3       1       1       0       1        31.425
    34       2       3       1       1       0       2        32.770
    35       2       3       1       1       0       3        36.321
    36       2       3       1       1       0       4        29.943
    37       2       3       1       1       0       5        29.987
    38       2       3       1       1       0       6        35.952
    39       2       3       1       1       0       7        28.329
    40       2       3       1       1       0       8        28.175
    41       2       3       1       1       0       9        34.741
    42       2       3       1       1       0      10        26.798
    43       2       3       1       1       0      11        26.489
    44       2       3       1       1       0      12        32.508
    45       2       3       1       1       0      13        26.330
    46       2       3       1       1       0      14        25.088
    47       2       3       1       1       0      15        28.618
    48       2       3       1       1       1       0        27.404
    49       2       3       1       1       1       1        23.339
    50       2       3       1       1       1       2        24.674
    51       2       3       1       1       1       3        28.632
    52       2       3       1       1       1       4        21.719
    53       2       3       1       1       1       5        21.803
    54       2       3       1       1       1       6        28.631
    55       2       3       1       1       1       7        20.190
    56       2       3       1       1       1       8        20.183
    57       2       3       1       1       1       9        27.351
    58       2       3       1       1       1      10        18.521
    59       2       3       1       1       1      11        18.461
    60       2       3       1       1       1      12        25.034
    61       2       3       1       1       1      13        18.271
    62       2       3       1       1       1      14        17.093
    63       2       3       1       1       1      15        20.822
    64       2       3       1       2       0       0        19.525
    65       2       3       1       2       0       1        15.308
    66       2       3       1       2       0       2        16.488
    67       2       3       1       2       0       3        20.870
    68       2       3       1       2       0       4        13.667
    69       2       3       1       2       0       5        14.021
    70       2       3       1       2       0       6        21.063
    71       2       3       1       2       0       7        12.189
    72       2       3       1       2       0       8        12.125
    73       2       3       1       2       0       9        19.664
    74       2       3       1       2       0      10        10.674
    75       2       3       1       2       0      11        10.481
    76       2       3       1       2       0      12        17.233
    77       2       3       1       2       0      13        10.161
    78       2       3       1       2       0      14         8.903
    79       2       3       1       2       0      15        12.910
    80       2       3       1       2       1       0        11.555
    81       2       3       1       2       1       1         7.239
    82       2       3       1       2       1       2         8.732
    83       2       3       1       2       1       3        13.387
    84       2       3       1       2       1       4         5.743
    85       2       3       1       2       1       5         5.801
    86       2       3       1       2       1       6        13.310
    87       2       3       1       2       1       7         3.978
    88       2       3       1       2       1       8         4.046
    89       2       3       1       2       1       9        12.137
    90       2       3       1       2       1      10         2.354
    91       2       3       1       2       1      11         2.451
    92       2       3       1       2       1      12        10.047
    93       2       3       1       2       1      13         3.882
    94       2       3       1       2       1      14         2.441
    95       2       3       1       2       1      15         6.655
    96       2       3       1       3       0       0         7.127
    97       2       3       1       3       0       1         2.407
    98       2       3       1       3       0       2         3.754
    99       2       3       1       3       0       3        10.006
   100       2       3       1       3       0       4         2.467
   101       2       3       1       3       0       5         2.597
   102       2       3       1       3       0       6        11.268
   103       2       3       1       3       0       7         2.364
   104       2       3       1       3       0       8         2.291
   105       2       3       1       3       0       9        11.413
   106       2       3       1       3       0      10         2.533
   107       2       3       1       3       0      11         2.410
   108       2       3       1       3       0      12        10.035
   109       2       3       1       3       0      13         3.740
   110       2       3       1       3       0      14         2.549
   111       2       3       1       3       0      15         6.637
   112       2       3       1       3       1       0         6.932
   113       2       3       1       3       1       1         2.569
   114       2       3       1       3       1       2         3.753
   115       2       3       1       3       1       3        10.041
   116       2       3       1       3       1       4         2.451
   117       2       3       1       3       1       5         2.392
   118       2       3       1       3       1       6        11.414
   119       2       3       1       3       1       7         2.438
   120       2       3       1       3       1       8         2.500
   121       2       3       1       3       1       9        11.332
   122       2       3       1       3       1      10         2.485
   123       2       3       1       3       1      11         2.406
   124       2       3       1       3       1      12        10.079
   125       2       3       1       3       1      13         3.846
   126       2       3       1       3       1      14         2.387
   127       2       3       1       3       1      15         6.883
   128       2       3       2       0       0       0         7.132
   129       2       3       2       0       0       1         2.353
   130       2       3       2       0       0       2         3.947
   131       2       3       2       0       0       3         9.924
   132       2       3       2       0       0       4         2.503
   133       2       3       2       0       0       5         2.608
   134       2       3       2       0       0       6        11.280
   135       2       3       2       0       0       7         2.474
   136       2       3       2       0       0       8         2.318
   137       2       3       2       0       0       9        11.259
   138       2       3       2       0       0      10         2.444
   139       2       3       2       0       0      11         2.449
   140       2       3       2       0       0      12         9.849
   141       2       3       2       0       0      13         3.950
   142       2       3       2       0       0      14         2.585
   143       2       3       2       0       0      15         6.857
   144       2       3       2       0       1       0         7.106
   145       2       3       2       0       1       1         2.575
   146       2       3       2       0       1       2         3.900
   147       2       3       2       0       1       3        10.007
   148       2       3       2       0       1       4         2.636
   149       2       3       2       0       1       5         2.620
   150       2       3       2       0       1       6        11.436
   151       2       3       2       0       1       7         2.355
   152       2       3       2       0       1       8         2.492
   153       2       3       2       0       1       9        11.253
   154       2       3       2       0       1      10         2.585
   155       2       3       2       0       1      11         2.259
   156       2       3       2       0       1      12         9.972
   157       2       3       2       0       1      13         4.037
   158       2       3       2       0       1      14         2.608
   159       2       3       2       0       1      15         6.762
   160       2       3       2       1       0       0         7.100
   161       2       3       2       1       0       1         2.393
   162       2       3       2       1       0       2         3.872
   163       2       3       2       1       0       3        10.133
   164       2       3       2       1       0       4         2.460
   165       2       3       2       1       0       5         2.551
   166       2       3       2       1       0       6        12.262
   167       2       3       2       1       0       7         3.892
   168       2       3       2       1       0       8         4.011
   169       2       3       2       1       0       9        13.383
   170       2       3       2       1       0      10         5.542
   171       2       3       2       1       0      11         5.435
   172       2       3       2       1       0      12        13.164
   173       2       3       2       1       0      13         8.263
   174       2       3       2       1       0      14         7.064
   175       2       3       2       1       0      15        11.148
   176       2       3       2       1       1       0        12.985
   177       2       3       2       1       1       1         8.546
   178       2       3       2       1       1       2         9.705
   179       2       3       2       1       1       3        16.874
   180       2       3       2       1       1       4        10.106
   181       2       3       2       1       1       5        10.060
   182       2       3       2       1       1       6        19.098
   183       2       3       2       1       1       7        11.520
   184       2       3       2       1       1       8        11.456
   185       2       3       2       1       1       9        20.339
   186       2       3       2       1       1      10        13.060
   187       2       3       2       1       1      11        13.001
   188       2       3       2       1       1      12        19.998
   189       2       3       2       1       1      13        15.805
   190       2       3       2       1       1      14        14.380
   191       2       3       2       1       1      15        18.512
   192       2       3       2       2       0       0        20.136
   193       2       3       2       2       0       1        15.839
   194       2       3       2       2       0       2        17.179
   195       2       3       2       2       0       3        23.994
   196       2       3       2       2       0       4        17.629
   197       2       3       2       2       0       5        17.602
   198       2       3       2       2       0       6        26.168
   199       2       3       2       2       0       7        18.846
   200       2       3       2       2       0       8        18.979
   201       2       3       2       2       0       9        27.261
   202       2       3       2       2       0      10        20.472
   203       2       3       2       2       0      11        20.406
   204       2       3       2       2       0      12        27.333
   205       2       3       2       2       0      13        23.036
   206       2       3       2       2       0      14        21.847
   207       2       3       2       2       0      15        25.652
   208       2       3       2       2       1       0        27.457
   209       2       3       2       2       1       1        23.515
   210       2       3       2       2       1       2        24.620
   211       2       3       2       2       1       3        30.960
   212       2       3       2       2       1       4        25.093
   213       2       3       2       2       1       5        25.149
   214       2       3       2       2       1       6        33.228
   215       2       3       2       2       1       7        26.365
   216       2       3       2       2       1       8        26.431
   217       2       3       2       2       1       9        34.371
   218       2       3       2       2       1      10        27.932
   219       2       3       2       2       1      11        28.020
   220       2       3       2       2       1      12        34.189
   221       2       3       2       2       1      13        30.538
   222       2       3       2       2       1      14        29.356
   223       2       3       2       2       1      15        32.879
   224       2       3       2       3       0       0        34.636
   225       2       3       2       3       0       1        30.855
   226       2       3       2       3       0       2        32.100
   227       2       3       2       3       0       3        37.998
   228       2       3       2       3       0       4        32.600
   229       2       3       2       3       0       5        32.462
   230       2       3       2       3       0       6        40.145
   231       2       3       2       3       0       7        33.969
   232       2       3       2       3       0       8        33.967
   233       2       3       2       3       0       9        41.439
   234       2       3       2       3       0      10        35.436
   235       2       3       2       3       0      11        35.328
   236       2       3       2       3       0      12        41.358
   237       2       3       2       3       0      13        38.176
   238       2       3       2       3       0      14        36.962
   239       2       3       2       3       0      15        40.220
   240       2       3       2       3       1       0        41.747
   241       2       3       2       3       1       1        38.588
   242       2       3       2       3       1       2        39.557
   243       2       3       2       3       1       3        45.145
   244       2       3       2       3       1       4        40.151
   245       2       3       2       3       1       5        39.937
   246       2       3       2       3       1       6        47.255
   247       2       3       2       3       1       7        41.404
   248       2       3       2       3       1       8        41.484
   249       2       3       2       3       1       9        48.456
   250       2       3       2       3       1      10        42.994
   251       2       3       2       3       1      11        42.944
   252       2       3       2       3       1      12        48.341
   253       2       3       2       3       1      13        45.531
   254       2       3       2       3       1      14        44.585
   255       2       3       2       3       1      15        47.389


MPI tasks sorted by communication time:
taskid  Acoord  Bcoord  Ccoord  Dcoord  Ecoord  procid    total_comm(sec)
   155       2       3       2       0       1      11         2.259
   104       2       3       1       3       0       8         2.291
   136       2       3       2       0       0       8         2.318
   129       2       3       2       0       0       1         2.353
    90       2       3       1       2       1      10         2.354
   151       2       3       2       0       1       7         2.355
   103       2       3       1       3       0       7         2.364
   126       2       3       1       3       1      14         2.387
   117       2       3       1       3       1       5         2.392
   161       2       3       2       1       0       1         2.393
   123       2       3       1       3       1      11         2.406
    97       2       3       1       3       0       1         2.407
   107       2       3       1       3       0      11         2.410
   119       2       3       1       3       1       7         2.438
    94       2       3       1       2       1      14         2.441
   138       2       3       2       0       0      10         2.444
   139       2       3       2       0       0      11         2.449
    91       2       3       1       2       1      11         2.451
   116       2       3       1       3       1       4         2.451
   164       2       3       2       1       0       4         2.460
   100       2       3       1       3       0       4         2.467
   135       2       3       2       0       0       7         2.474
   122       2       3       1       3       1      10         2.485
   152       2       3       2       0       1       8         2.492
   120       2       3       1       3       1       8         2.500
   132       2       3       2       0       0       4         2.503
   106       2       3       1       3       0      10         2.533
   110       2       3       1       3       0      14         2.549
   165       2       3       2       1       0       5         2.551
   113       2       3       1       3       1       1         2.569
   145       2       3       2       0       1       1         2.575
   142       2       3       2       0       0      14         2.585
   154       2       3       2       0       1      10         2.585
   101       2       3       1       3       0       5         2.597
   158       2       3       2       0       1      14         2.608
   133       2       3       2       0       0       5         2.608
   149       2       3       2       0       1       5         2.620
   148       2       3       2       0       1       4         2.636
   109       2       3       1       3       0      13         3.740
   114       2       3       1       3       1       2         3.753
    98       2       3       1       3       0       2         3.754
   125       2       3       1       3       1      13         3.846
   162       2       3       2       1       0       2         3.872
    93       2       3       1       2       1      13         3.882
   167       2       3       2       1       0       7         3.892
   146       2       3       2       0       1       2         3.900
   130       2       3       2       0       0       2         3.947
   141       2       3       2       0       0      13         3.950
    87       2       3       1       2       1       7         3.978
   168       2       3       2       1       0       8         4.011
   157       2       3       2       0       1      13         4.037
    88       2       3       1       2       1       8         4.046
   171       2       3       2       1       0      11         5.435
   170       2       3       2       1       0      10         5.542
    84       2       3       1       2       1       4         5.743
    85       2       3       1       2       1       5         5.801
   111       2       3       1       3       0      15         6.637
    95       2       3       1       2       1      15         6.655
   159       2       3       2       0       1      15         6.762
   143       2       3       2       0       0      15         6.857
   127       2       3       1       3       1      15         6.883
   112       2       3       1       3       1       0         6.932
   174       2       3       2       1       0      14         7.064
   160       2       3       2       1       0       0         7.100
   144       2       3       2       0       1       0         7.106
    96       2       3       1       3       0       0         7.127
   128       2       3       2       0       0       0         7.132
    81       2       3       1       2       1       1         7.239
   173       2       3       2       1       0      13         8.263
   177       2       3       2       1       1       1         8.546
    82       2       3       1       2       1       2         8.732
    78       2       3       1       2       0      14         8.903
   178       2       3       2       1       1       2         9.705
   140       2       3       2       0       0      12         9.849
   131       2       3       2       0       0       3         9.924
   156       2       3       2       0       1      12         9.972
    99       2       3       1       3       0       3        10.006
   147       2       3       2       0       1       3        10.007
   108       2       3       1       3       0      12        10.035
   115       2       3       1       3       1       3        10.041
    92       2       3       1       2       1      12        10.047
   181       2       3       2       1       1       5        10.060
   124       2       3       1       3       1      12        10.079
   180       2       3       2       1       1       4        10.106
   163       2       3       2       1       0       3        10.133
    77       2       3       1       2       0      13        10.161
    75       2       3       1       2       0      11        10.481
    74       2       3       1       2       0      10        10.674
   175       2       3       2       1       0      15        11.148
   153       2       3       2       0       1       9        11.253
   137       2       3       2       0       0       9        11.259
   102       2       3       1       3       0       6        11.268
   134       2       3       2       0       0       6        11.280
   121       2       3       1       3       1       9        11.332
   105       2       3       1       3       0       9        11.413
   118       2       3       1       3       1       6        11.414
   150       2       3       2       0       1       6        11.436
   184       2       3       2       1       1       8        11.456
   183       2       3       2       1       1       7        11.520
    80       2       3       1       2       1       0        11.555
    72       2       3       1       2       0       8        12.125
    89       2       3       1       2       1       9        12.137
    71       2       3       1       2       0       7        12.189
   166       2       3       2       1       0       6        12.262
    79       2       3       1       2       0      15        12.910
   176       2       3       2       1       1       0        12.985
   187       2       3       2       1       1      11        13.001
   186       2       3       2       1       1      10        13.060
   172       2       3       2       1       0      12        13.164
    86       2       3       1       2       1       6        13.310
   169       2       3       2       1       0       9        13.383
    83       2       3       1       2       1       3        13.387
    68       2       3       1       2       0       4        13.667
    69       2       3       1       2       0       5        14.021
   190       2       3       2       1       1      14        14.380
    65       2       3       1       2       0       1        15.308
   189       2       3       2       1       1      13        15.805
   193       2       3       2       2       0       1        15.839
    66       2       3       1       2       0       2        16.488
   179       2       3       2       1       1       3        16.874
    62       2       3       1       1       1      14        17.093
   194       2       3       2       2       0       2        17.179
    76       2       3       1       2       0      12        17.233
   197       2       3       2       2       0       5        17.602
   196       2       3       2       2       0       4        17.629
    61       2       3       1       1       1      13        18.271
    59       2       3       1       1       1      11        18.461
   191       2       3       2       1       1      15        18.512
    58       2       3       1       1       1      10        18.521
   199       2       3       2       2       0       7        18.846
   200       2       3       2       2       0       8        18.979
   182       2       3       2       1       1       6        19.098
    64       2       3       1       2       0       0        19.525
    73       2       3       1       2       0       9        19.664
   188       2       3       2       1       1      12        19.998
   192       2       3       2       2       0       0        20.136
    56       2       3       1       1       1       8        20.183
    55       2       3       1       1       1       7        20.190
   185       2       3       2       1       1       9        20.339
   203       2       3       2       2       0      11        20.406
   202       2       3       2       2       0      10        20.472
    63       2       3       1       1       1      15        20.822
    67       2       3       1       2       0       3        20.870
    70       2       3       1       2       0       6        21.063
    52       2       3       1       1       1       4        21.719
    53       2       3       1       1       1       5        21.803
   206       2       3       2       2       0      14        21.847
   205       2       3       2       2       0      13        23.036
    49       2       3       1       1       1       1        23.339
   209       2       3       2       2       1       1        23.515
   195       2       3       2       2       0       3        23.994
   210       2       3       2       2       1       2        24.620
    50       2       3       1       1       1       2        24.674
    60       2       3       1       1       1      12        25.034
    46       2       3       1       1       0      14        25.088
   212       2       3       2       2       1       4        25.093
   213       2       3       2       2       1       5        25.149
   207       2       3       2       2       0      15        25.652
   198       2       3       2       2       0       6        26.168
    45       2       3       1       1       0      13        26.330
   215       2       3       2       2       1       7        26.365
   216       2       3       2       2       1       8        26.431
    43       2       3       1       1       0      11        26.489
    42       2       3       1       1       0      10        26.798
   201       2       3       2       2       0       9        27.261
   204       2       3       2       2       0      12        27.333
    57       2       3       1       1       1       9        27.351
    48       2       3       1       1       1       0        27.404
   208       2       3       2       2       1       0        27.457
   218       2       3       2       2       1      10        27.932
   219       2       3       2       2       1      11        28.020
    40       2       3       1       1       0       8        28.175
    39       2       3       1       1       0       7        28.329
    47       2       3       1       1       0      15        28.618
    54       2       3       1       1       1       6        28.631
    51       2       3       1       1       1       3        28.632
   222       2       3       2       2       1      14        29.356
    36       2       3       1       1       0       4        29.943
    37       2       3       1       1       0       5        29.987
   221       2       3       2       2       1      13        30.538
   225       2       3       2       3       0       1        30.855
   211       2       3       2       2       1       3        30.960
    33       2       3       1       1       0       1        31.425
   226       2       3       2       3       0       2        32.100
   229       2       3       2       3       0       5        32.462
    44       2       3       1       1       0      12        32.508
   228       2       3       2       3       0       4        32.600
    34       2       3       1       1       0       2        32.770
   223       2       3       2       2       1      15        32.879
    30       2       3       1       0       1      14        33.188
   214       2       3       2       2       1       6        33.228
   232       2       3       2       3       0       8        33.967
   231       2       3       2       3       0       7        33.969
   220       2       3       2       2       1      12        34.189
    29       2       3       1       0       1      13        34.342
   217       2       3       2       2       1       9        34.371
   224       2       3       2       3       0       0        34.636
    27       2       3       1       0       1      11        34.671
    41       2       3       1       1       0       9        34.741
    26       2       3       1       0       1      10        34.894
    32       2       3       1       1       0       0        35.015
   235       2       3       2       3       0      11        35.328
   234       2       3       2       3       0      10        35.436
    38       2       3       1       1       0       6        35.952
    24       2       3       1       0       1       8        36.185
    35       2       3       1       1       0       3        36.321
    23       2       3       1       0       1       7        36.327
    31       2       3       1       0       1      15        36.476
   238       2       3       2       3       0      14        36.962
    21       2       3       1       0       1       5        37.893
   227       2       3       2       3       0       3        37.998
    20       2       3       1       0       1       4        38.069
   237       2       3       2       3       0      13        38.176
   241       2       3       2       3       1       1        38.588
    17       2       3       1       0       1       1        39.441
   242       2       3       2       3       1       2        39.557
   245       2       3       2       3       1       5        39.937
   230       2       3       2       3       0       6        40.145
   244       2       3       2       3       1       4        40.151
    28       2       3       1       0       1      12        40.199
   239       2       3       2       3       0      15        40.220
    18       2       3       1       0       1       2        40.532
    14       2       3       1       0       0      14        41.165
   236       2       3       2       3       0      12        41.358
   247       2       3       2       3       1       7        41.404
   233       2       3       2       3       0       9        41.439
   248       2       3       2       3       1       8        41.484
   240       2       3       2       3       1       0        41.747
    13       2       3       1       0       0      13        42.122
    25       2       3       1       0       1       9        42.393
    10       2       3       1       0       0      10        42.749
    16       2       3       1       0       1       0        42.777
    11       2       3       1       0       0      11        42.818
   251       2       3       2       3       1      11        42.944
   250       2       3       2       3       1      10        42.994
    22       2       3       1       0       1       6        43.597
    19       2       3       1       0       1       3        43.847
    15       2       3       1       0       0      15        44.092
     7       2       3       1       0       0       7        44.395
     8       2       3       1       0       0       8        44.454
   254       2       3       2       3       1      14        44.585
   243       2       3       2       3       1       3        45.145
   253       2       3       2       3       1      13        45.531
     4       2       3       1       0       0       4        45.859
     5       2       3       1       0       0       5        46.135
   246       2       3       2       3       1       6        47.255
   255       2       3       2       3       1      15        47.389
     1       2       3       1       0       0       1        47.596
    12       2       3       1       0       0      12        47.743
   252       2       3       2       3       1      12        48.341
   249       2       3       2       3       1       9        48.456
     2       2       3       1       0       0       2        48.664
     9       2       3       1       0       0       9        49.937
     0       2       3       1       0       0       0        50.125
     6       2       3       1       0       0       6        51.095
     3       2       3       1       0       0       3        51.525
