elapsed time from clock-cycles using freq = 1600.0 MHz
-----------------------------------------------------------------
MPI Routine                  #calls     avg. bytes      time(sec)
-----------------------------------------------------------------
MPI_Comm_size                     1            0.0          0.000
MPI_Comm_rank                     1            0.0          0.000
MPI_Recv                        510          127.0          0.058
MPI_Bcast                         1        16000.0          0.000
MPI_Barrier                       1            0.0          0.000
MPI_Allreduce                     4        49248.0          0.121
MPI_File_close                    8            0.0          0.012
MPI_File_open                     8            0.0          0.194
MPI_File_read                    14        28620.6          0.104
MPI_File_seek                     1            0.0          0.000
MPI_File_write                  270         1137.2          0.503
-----------------------------------------------------------------
total communication time = 0.993 seconds.
total elapsed time       = 2.883 seconds.

-----------------------------------------------------------------
Message size distributions:

MPI_Recv                  #calls    avg. bytes      time(sec)
                             255           4.0          0.053
                             255         250.0          0.005

MPI_Bcast                 #calls    avg. bytes      time(sec)
                               1       16000.0          0.000

MPI_Allreduce             #calls    avg. bytes      time(sec)
                               4       49248.0          0.121

MPI_File_read             #calls    avg. bytes      time(sec)
                               6           4.0          0.061
                               1          32.0          0.001
                               1          40.0          0.016
                               1          88.0          0.001
                               1         504.0          0.001
                               1       16000.0          0.002
                               3      128000.0          0.022

MPI_File_write            #calls    avg. bytes      time(sec)
                               3           4.0          0.018
                               2          40.0          0.057
                               3          79.3          0.027
                             257         249.8          0.375
                               1       16000.0          0.019
                               4       56624.0          0.008

-----------------------------------------------------------------

Communication summary for all tasks:

  minimum communication time = 0.993 sec for task 0
  median  communication time = 1.688 sec for task 141
  maximum communication time = 1.884 sec for task 156

taskid  Acoord  Bcoord  Ccoord  Dcoord  Ecoord  procid   total_comm(sec)
     0       0       0       0       0       1       0         0.993
     1       0       0       0       0       1       1         1.769
     2       0       0       0       0       1       2         1.652
     3       0       0       0       0       1       3         1.664
     4       0       0       0       0       1       4         1.732
     5       0       0       0       0       1       5         1.698
     6       0       0       0       0       1       6         1.722
     7       0       0       0       0       1       7         1.804
     8       0       0       0       0       1       8         1.693
     9       0       0       0       0       1       9         1.750
    10       0       0       0       0       1      10         1.706
    11       0       0       0       0       1      11         1.673
    12       0       0       0       0       1      12         1.740
    13       0       0       0       0       1      13         1.689
    14       0       0       0       0       1      14         1.685
    15       0       0       0       0       1      15         1.779
    16       0       0       0       1       1       0         1.556
    17       0       0       0       1       1       1         1.493
    18       0       0       0       1       1       2         1.506
    19       0       0       0       1       1       3         1.864
    20       0       0       0       1       1       4         1.777
    21       0       0       0       1       1       5         1.594
    22       0       0       0       1       1       6         1.615
    23       0       0       0       1       1       7         1.576
    24       0       0       0       1       1       8         1.655
    25       0       0       0       1       1       9         1.756
    26       0       0       0       1       1      10         1.735
    27       0       0       0       1       1      11         1.715
    28       0       0       0       1       1      12         1.634
    29       0       0       0       1       1      13         1.695
    30       0       0       0       1       1      14         1.537
    31       0       0       0       1       1      15         1.674
    32       0       0       0       2       1       0         1.725
    33       0       0       0       2       1       1         1.530
    34       0       0       0       2       1       2         1.625
    35       0       0       0       2       1       3         1.823
    36       0       0       0       2       1       4         1.706
    37       0       0       0       2       1       5         1.608
    38       0       0       0       2       1       6         1.766
    39       0       0       0       2       1       7         1.495
    40       0       0       0       2       1       8         1.590
    41       0       0       0       2       1       9         1.746
    42       0       0       0       2       1      10         1.551
    43       0       0       0       2       1      11         1.666
    44       0       0       0       2       1      12         1.571
    45       0       0       0       2       1      13         1.646
    46       0       0       0       2       1      14         1.686
    47       0       0       0       2       1      15         1.517
    48       0       0       0       3       1       0         1.817
    49       0       0       0       3       1       1         1.683
    50       0       0       0       3       1       2         1.662
    51       0       0       0       3       1       3         1.765
    52       0       0       0       3       1       4         1.523
    53       0       0       0       3       1       5         1.703
    54       0       0       0       3       1       6         1.644
    55       0       0       0       3       1       7         1.744
    56       0       0       0       3       1       8         1.489
    57       0       0       0       3       1       9         1.497
    58       0       0       0       3       1      10         1.724
    59       0       0       0       3       1      11         1.624
    60       0       0       0       3       1      12         1.567
    61       0       0       0       3       1      13         1.607
    62       0       0       0       3       1      14         1.586
    63       0       0       0       3       1      15         1.547
    64       0       0       1       0       1       0         1.741
    65       0       0       1       0       1       1         1.733
    66       0       0       1       0       1       2         1.715
    67       0       0       1       0       1       3         1.668
    68       0       0       1       0       1       4         1.708
    69       0       0       1       0       1       5         1.777
    70       0       0       1       0       1       6         1.646
    71       0       0       1       0       1       7         1.685
    72       0       0       1       0       1       8         1.725
    73       0       0       1       0       1       9         1.770
    74       0       0       1       0       1      10         1.762
    75       0       0       1       0       1      11         1.812
    76       0       0       1       0       1      12         1.659
    77       0       0       1       0       1      13         1.654
    78       0       0       1       0       1      14         1.701
    79       0       0       1       0       1      15         1.678
    80       0       0       1       1       1       0         1.835
    81       0       0       1       1       1       1         1.780
    82       0       0       1       1       1       2         1.742
    83       0       0       1       1       1       3         1.734
    84       0       0       1       1       1       4         1.641
    85       0       0       1       1       1       5         1.771
    86       0       0       1       1       1       6         1.657
    87       0       0       1       1       1       7         1.763
    88       0       0       1       1       1       8         1.700
    89       0       0       1       1       1       9         1.726
    90       0       0       1       1       1      10         1.686
    91       0       0       1       1       1      11         1.652
    92       0       0       1       1       1      12         1.709
    93       0       0       1       1       1      13         1.717
    94       0       0       1       1       1      14         1.679
    95       0       0       1       1       1      15         1.669
    96       0       0       1       2       1       0         1.739
    97       0       0       1       2       1       1         1.678
    98       0       0       1       2       1       2         1.638
    99       0       0       1       2       1       3         1.599
   100       0       0       1       2       1       4         1.659
   101       0       0       1       2       1       5         1.518
   102       0       0       1       2       1       6         1.482
   103       0       0       1       2       1       7         1.699
   104       0       0       1       2       1       8         1.720
   105       0       0       1       2       1       9         1.781
   106       0       0       1       2       1      10         1.539
   107       0       0       1       2       1      11         1.578
   108       0       0       1       2       1      12         1.619
   109       0       0       1       2       1      13         1.563
   110       0       0       1       2       1      14         1.505
   111       0       0       1       2       1      15         1.762
   112       0       0       1       3       1       0         1.500
   113       0       0       1       3       1       1         1.527
   114       0       0       1       3       1       2         1.544
   115       0       0       1       3       1       3         1.702
   116       0       0       1       3       1       4         1.583
   117       0       0       1       3       1       5         1.681
   118       0       0       1       3       1       6         1.439
   119       0       0       1       3       1       7         1.565
   120       0       0       1       3       1       8         1.619
   121       0       0       1       3       1       9         1.722
   122       0       0       1       3       1      10         1.741
   123       0       0       1       3       1      11         1.603
   124       0       0       1       3       1      12         1.790
   125       0       0       1       3       1      13         1.662
   126       0       0       1       3       1      14         1.762
   127       0       0       1       3       1      15         1.643
   128       0       0       2       0       1       0         1.851
   129       0       0       2       0       1       1         1.727
   130       0       0       2       0       1       2         1.699
   131       0       0       2       0       1       3         1.791
   132       0       0       2       0       1       4         1.718
   133       0       0       2       0       1       5         1.674
   134       0       0       2       0       1       6         1.711
   135       0       0       2       0       1       7         1.783
   136       0       0       2       0       1       8         1.775
   137       0       0       2       0       1       9         1.669
   138       0       0       2       0       1      10         1.753
   139       0       0       2       0       1      11         1.744
   140       0       0       2       0       1      12         1.703
   141       0       0       2       0       1      13         1.688
   142       0       0       2       0       1      14         1.640
   143       0       0       2       0       1      15         1.737
   144       0       0       2       1       1       0         1.700
   145       0       0       2       1       1       1         1.721
   146       0       0       2       1       1       2         1.806
   147       0       0       2       1       1       3         1.776
   148       0       0       2       1       1       4         1.654
   149       0       0       2       1       1       5         1.756
   150       0       0       2       1       1       6         1.670
   151       0       0       2       1       1       7         1.689
   152       0       0       2       1       1       8         1.745
   153       0       0       2       1       1       9         1.739
   154       0       0       2       1       1      10         1.785
   155       0       0       2       1       1      11         1.681
   156       0       0       2       1       1      12         1.884
   157       0       0       2       1       1      13         1.714
   158       0       0       2       1       1      14         1.731
   159       0       0       2       1       1      15         1.706
   160       0       0       2       2       1       0         1.681
   161       0       0       2       2       1       1         1.783
   162       0       0       2       2       1       2         1.611
   163       0       0       2       2       1       3         1.741
   164       0       0       2       2       1       4         1.867
   165       0       0       2       2       1       5         1.720
   166       0       0       2       2       1       6         1.661
   167       0       0       2       2       1       7         1.590
   168       0       0       2       2       1       8         1.567
   169       0       0       2       2       1       9         1.530
   170       0       0       2       2       1      10         1.641
   171       0       0       2       2       1      11         1.702
   172       0       0       2       2       1      12         1.509
   173       0       0       2       2       1      13         1.765
   174       0       0       2       2       1      14         1.548
   175       0       0       2       2       1      15         1.490
   176       0       0       2       3       1       0         1.779
   177       0       0       2       3       1       1         1.756
   178       0       0       2       3       1       2         1.716
   179       0       0       2       3       1       3         1.736
   180       0       0       2       3       1       4         1.578
   181       0       0       2       3       1       5         1.838
   182       0       0       2       3       1       6         1.557
   183       0       0       2       3       1       7         1.596
   184       0       0       2       3       1       8         1.619
   185       0       0       2       3       1       9         1.538
   186       0       0       2       3       1      10         1.677
   187       0       0       2       3       1      11         1.657
   188       0       0       2       3       1      12         1.636
   189       0       0       2       3       1      13         1.520
   190       0       0       2       3       1      14         1.500
   191       0       0       2       3       1      15         1.697
   192       0       0       3       0       1       0         1.758
   193       0       0       3       0       1       1         1.786
   194       0       0       3       0       1       2         1.696
   195       0       0       3       0       1       3         1.747
   196       0       0       3       0       1       4         1.739
   197       0       0       3       0       1       5         1.645
   198       0       0       3       0       1       6         1.690
   199       0       0       3       0       1       7         1.732
   200       0       0       3       0       1       8         1.807
   201       0       0       3       0       1       9         1.683
   202       0       0       3       0       1      10         1.778
   203       0       0       3       0       1      11         1.723
   204       0       0       3       0       1      12         1.677
   205       0       0       3       0       1      13         1.672
   206       0       0       3       0       1      14         1.665
   207       0       0       3       0       1      15         1.715
   208       0       0       3       1       1       0         1.665
   209       0       0       3       1       1       1         1.704
   210       0       0       3       1       1       2         1.692
   211       0       0       3       1       1       3         1.728
   212       0       0       3       1       1       4         1.774
   213       0       0       3       1       1       5         1.673
   214       0       0       3       1       1       6         1.712
   215       0       0       3       1       1       7         1.684
   216       0       0       3       1       1       8         1.746
   217       0       0       3       1       1       9         1.857
   218       0       0       3       1       1      10         1.784
   219       0       0       3       1       1      11         1.755
   220       0       0       3       1       1      12         1.622
   221       0       0       3       1       1      13         1.720
   222       0       0       3       1       1      14         1.737
   223       0       0       3       1       1      15         1.806
   224       0       0       3       2       1       0         1.719
   225       0       0       3       2       1       1         1.496
   226       0       0       3       2       1       2         1.739
   227       0       0       3       2       1       3         1.622
   228       0       0       3       2       1       4         1.600
   229       0       0       3       2       1       5         1.562
   230       0       0       3       2       1       6         1.638
   231       0       0       3       2       1       7         1.582
   232       0       0       3       2       1       8         1.699
   233       0       0       3       2       1       9         1.863
   234       0       0       3       2       1      10         1.780
   235       0       0       3       2       1      11         1.680
   236       0       0       3       2       1      12         1.761
   237       0       0       3       2       1      13         1.543
   238       0       0       3       2       1      14         1.659
   239       0       0       3       2       1      15         1.522
   240       0       0       3       3       1       0         1.493
   241       0       0       3       3       1       1         1.746
   242       0       0       3       3       1       2         1.523
   243       0       0       3       3       1       3         1.585
   244       0       0       3       3       1       4         1.665
   245       0       0       3       3       1       5         1.570
   246       0       0       3       3       1       6         1.552
   247       0       0       3       3       1       7         1.685
   248       0       0       3       3       1       8         1.725
   249       0       0       3       3       1       9         1.705
   250       0       0       3       3       1      10         1.646
   251       0       0       3       3       1      11         1.626
   252       0       0       3       3       1      12         1.789
   253       0       0       3       3       1      13         1.534
   254       0       0       3       3       1      14         1.769
   255       0       0       3       3       1      15         1.607


MPI tasks sorted by communication time:
taskid  Acoord  Bcoord  Ccoord  Dcoord  Ecoord  procid    total_comm(sec)
     0       0       0       0       0       1       0         0.993
   118       0       0       1       3       1       6         1.439
   102       0       0       1       2       1       6         1.482
    56       0       0       0       3       1       8         1.489
   175       0       0       2       2       1      15         1.490
   240       0       0       3       3       1       0         1.493
    17       0       0       0       1       1       1         1.493
    39       0       0       0       2       1       7         1.495
   225       0       0       3       2       1       1         1.496
    57       0       0       0       3       1       9         1.497
   112       0       0       1       3       1       0         1.500
   190       0       0       2       3       1      14         1.500
   110       0       0       1       2       1      14         1.505
    18       0       0       0       1       1       2         1.506
   172       0       0       2       2       1      12         1.509
    47       0       0       0       2       1      15         1.517
   101       0       0       1       2       1       5         1.518
   189       0       0       2       3       1      13         1.520
   239       0       0       3       2       1      15         1.522
    52       0       0       0       3       1       4         1.523
   242       0       0       3       3       1       2         1.523
   113       0       0       1       3       1       1         1.527
    33       0       0       0       2       1       1         1.530
   169       0       0       2       2       1       9         1.530
   253       0       0       3       3       1      13         1.534
    30       0       0       0       1       1      14         1.537
   185       0       0       2       3       1       9         1.538
   106       0       0       1       2       1      10         1.539
   237       0       0       3       2       1      13         1.543
   114       0       0       1       3       1       2         1.544
    63       0       0       0       3       1      15         1.547
   174       0       0       2       2       1      14         1.548
    42       0       0       0       2       1      10         1.551
   246       0       0       3       3       1       6         1.552
    16       0       0       0       1       1       0         1.556
   182       0       0       2       3       1       6         1.557
   229       0       0       3       2       1       5         1.562
   109       0       0       1       2       1      13         1.563
   119       0       0       1       3       1       7         1.565
    60       0       0       0       3       1      12         1.567
   168       0       0       2       2       1       8         1.567
   245       0       0       3       3       1       5         1.570
    44       0       0       0       2       1      12         1.571
    23       0       0       0       1       1       7         1.576
   180       0       0       2       3       1       4         1.578
   107       0       0       1       2       1      11         1.578
   231       0       0       3       2       1       7         1.582
   116       0       0       1       3       1       4         1.583
   243       0       0       3       3       1       3         1.585
    62       0       0       0       3       1      14         1.586
    40       0       0       0       2       1       8         1.590
   167       0       0       2       2       1       7         1.590
    21       0       0       0       1       1       5         1.594
   183       0       0       2       3       1       7         1.596
    99       0       0       1       2       1       3         1.599
   228       0       0       3       2       1       4         1.600
   123       0       0       1       3       1      11         1.603
    61       0       0       0       3       1      13         1.607
   255       0       0       3       3       1      15         1.607
    37       0       0       0       2       1       5         1.608
   162       0       0       2       2       1       2         1.611
    22       0       0       0       1       1       6         1.615
   120       0       0       1       3       1       8         1.619
   184       0       0       2       3       1       8         1.619
   108       0       0       1       2       1      12         1.619
   227       0       0       3       2       1       3         1.622
   220       0       0       3       1       1      12         1.622
    59       0       0       0       3       1      11         1.624
    34       0       0       0       2       1       2         1.625
   251       0       0       3       3       1      11         1.626
    28       0       0       0       1       1      12         1.634
   188       0       0       2       3       1      12         1.636
   230       0       0       3       2       1       6         1.638
    98       0       0       1       2       1       2         1.638
   142       0       0       2       0       1      14         1.640
    84       0       0       1       1       1       4         1.641
   170       0       0       2       2       1      10         1.641
   127       0       0       1       3       1      15         1.643
    54       0       0       0       3       1       6         1.644
   197       0       0       3       0       1       5         1.645
    70       0       0       1       0       1       6         1.646
   250       0       0       3       3       1      10         1.646
    45       0       0       0       2       1      13         1.646
    91       0       0       1       1       1      11         1.652
     2       0       0       0       0       1       2         1.652
   148       0       0       2       1       1       4         1.654
    77       0       0       1       0       1      13         1.654
    24       0       0       0       1       1       8         1.655
    86       0       0       1       1       1       6         1.657
   187       0       0       2       3       1      11         1.657
    76       0       0       1       0       1      12         1.659
   238       0       0       3       2       1      14         1.659
   100       0       0       1       2       1       4         1.659
   166       0       0       2       2       1       6         1.661
   125       0       0       1       3       1      13         1.662
    50       0       0       0       3       1       2         1.662
     3       0       0       0       0       1       3         1.664
   206       0       0       3       0       1      14         1.665
   208       0       0       3       1       1       0         1.665
   244       0       0       3       3       1       4         1.665
    43       0       0       0       2       1      11         1.666
    67       0       0       1       0       1       3         1.668
   137       0       0       2       0       1       9         1.669
    95       0       0       1       1       1      15         1.669
   150       0       0       2       1       1       6         1.670
   205       0       0       3       0       1      13         1.672
    11       0       0       0       0       1      11         1.673
   213       0       0       3       1       1       5         1.673
   133       0       0       2       0       1       5         1.674
    31       0       0       0       1       1      15         1.674
   186       0       0       2       3       1      10         1.677
   204       0       0       3       0       1      12         1.677
    79       0       0       1       0       1      15         1.678
    97       0       0       1       2       1       1         1.678
    94       0       0       1       1       1      14         1.679
   235       0       0       3       2       1      11         1.680
   117       0       0       1       3       1       5         1.681
   160       0       0       2       2       1       0         1.681
   155       0       0       2       1       1      11         1.681
    49       0       0       0       3       1       1         1.683
   201       0       0       3       0       1       9         1.683
   215       0       0       3       1       1       7         1.684
    14       0       0       0       0       1      14         1.685
    71       0       0       1       0       1       7         1.685
   247       0       0       3       3       1       7         1.685
    46       0       0       0       2       1      14         1.686
    90       0       0       1       1       1      10         1.686
   141       0       0       2       0       1      13         1.688
   151       0       0       2       1       1       7         1.689
    13       0       0       0       0       1      13         1.689
   198       0       0       3       0       1       6         1.690
   210       0       0       3       1       1       2         1.692
     8       0       0       0       0       1       8         1.693
    29       0       0       0       1       1      13         1.695
   194       0       0       3       0       1       2         1.696
   191       0       0       2       3       1      15         1.697
     5       0       0       0       0       1       5         1.698
   103       0       0       1       2       1       7         1.699
   232       0       0       3       2       1       8         1.699
   130       0       0       2       0       1       2         1.699
    88       0       0       1       1       1       8         1.700
   144       0       0       2       1       1       0         1.700
    78       0       0       1       0       1      14         1.701
   171       0       0       2       2       1      11         1.702
   115       0       0       1       3       1       3         1.702
    53       0       0       0       3       1       5         1.703
   140       0       0       2       0       1      12         1.703
   209       0       0       3       1       1       1         1.704
   249       0       0       3       3       1       9         1.705
    10       0       0       0       0       1      10         1.706
   159       0       0       2       1       1      15         1.706
    36       0       0       0       2       1       4         1.706
    68       0       0       1       0       1       4         1.708
    92       0       0       1       1       1      12         1.709
   134       0       0       2       0       1       6         1.711
   214       0       0       3       1       1       6         1.712
   157       0       0       2       1       1      13         1.714
    66       0       0       1       0       1       2         1.715
    27       0       0       0       1       1      11         1.715
   207       0       0       3       0       1      15         1.715
   178       0       0       2       3       1       2         1.716
    93       0       0       1       1       1      13         1.717
   132       0       0       2       0       1       4         1.718
   224       0       0       3       2       1       0         1.719
   104       0       0       1       2       1       8         1.720
   221       0       0       3       1       1      13         1.720
   165       0       0       2       2       1       5         1.720
   145       0       0       2       1       1       1         1.721
   121       0       0       1       3       1       9         1.722
     6       0       0       0       0       1       6         1.722
   203       0       0       3       0       1      11         1.723
    58       0       0       0       3       1      10         1.724
    72       0       0       1       0       1       8         1.725
    32       0       0       0       2       1       0         1.725
   248       0       0       3       3       1       8         1.725
    89       0       0       1       1       1       9         1.726
   129       0       0       2       0       1       1         1.727
   211       0       0       3       1       1       3         1.728
   158       0       0       2       1       1      14         1.731
   199       0       0       3       0       1       7         1.732
     4       0       0       0       0       1       4         1.732
    65       0       0       1       0       1       1         1.733
    83       0       0       1       1       1       3         1.734
    26       0       0       0       1       1      10         1.735
   179       0       0       2       3       1       3         1.736
   222       0       0       3       1       1      14         1.737
   143       0       0       2       0       1      15         1.737
   153       0       0       2       1       1       9         1.739
    96       0       0       1       2       1       0         1.739
   196       0       0       3       0       1       4         1.739
   226       0       0       3       2       1       2         1.739
    12       0       0       0       0       1      12         1.740
   122       0       0       1       3       1      10         1.741
   163       0       0       2       2       1       3         1.741
    64       0       0       1       0       1       0         1.741
    82       0       0       1       1       1       2         1.742
    55       0       0       0       3       1       7         1.744
   139       0       0       2       0       1      11         1.744
   152       0       0       2       1       1       8         1.745
   216       0       0       3       1       1       8         1.746
   241       0       0       3       3       1       1         1.746
    41       0       0       0       2       1       9         1.746
   195       0       0       3       0       1       3         1.747
     9       0       0       0       0       1       9         1.750
   138       0       0       2       0       1      10         1.753
   219       0       0       3       1       1      11         1.755
   149       0       0       2       1       1       5         1.756
    25       0       0       0       1       1       9         1.756
   177       0       0       2       3       1       1         1.756
   192       0       0       3       0       1       0         1.758
   236       0       0       3       2       1      12         1.761
   111       0       0       1       2       1      15         1.762
   126       0       0       1       3       1      14         1.762
    74       0       0       1       0       1      10         1.762
    87       0       0       1       1       1       7         1.763
   173       0       0       2       2       1      13         1.765
    51       0       0       0       3       1       3         1.765
    38       0       0       0       2       1       6         1.766
   254       0       0       3       3       1      14         1.769
     1       0       0       0       0       1       1         1.769
    73       0       0       1       0       1       9         1.770
    85       0       0       1       1       1       5         1.771
   212       0       0       3       1       1       4         1.774
   136       0       0       2       0       1       8         1.775
   147       0       0       2       1       1       3         1.776
    20       0       0       0       1       1       4         1.777
    69       0       0       1       0       1       5         1.777
   202       0       0       3       0       1      10         1.778
    15       0       0       0       0       1      15         1.779
   176       0       0       2       3       1       0         1.779
    81       0       0       1       1       1       1         1.780
   234       0       0       3       2       1      10         1.780
   105       0       0       1       2       1       9         1.781
   161       0       0       2       2       1       1         1.783
   135       0       0       2       0       1       7         1.783
   218       0       0       3       1       1      10         1.784
   154       0       0       2       1       1      10         1.785
   193       0       0       3       0       1       1         1.786
   252       0       0       3       3       1      12         1.789
   124       0       0       1       3       1      12         1.790
   131       0       0       2       0       1       3         1.791
     7       0       0       0       0       1       7         1.804
   223       0       0       3       1       1      15         1.806
   146       0       0       2       1       1       2         1.806
   200       0       0       3       0       1       8         1.807
    75       0       0       1       0       1      11         1.812
    48       0       0       0       3       1       0         1.817
    35       0       0       0       2       1       3         1.823
    80       0       0       1       1       1       0         1.835
   181       0       0       2       3       1       5         1.838
   128       0       0       2       0       1       0         1.851
   217       0       0       3       1       1       9         1.857
   233       0       0       3       2       1       9         1.863
    19       0       0       0       1       1       3         1.864
   164       0       0       2       2       1       4         1.867
   156       0       0       2       1       1      12         1.884
